         0   906.562
         1   840.306
         2   809.554
         3   774.955
         4   756.944
         5   737.612
         6   728.391
         7   721.154
         8   708.996
         9   701.231
        10   690.789
        11   673.153
        12   651.416
        13   636.566
        14   594.309
        15   568.503
        16   558.672
        17   545.836
        18   530.921
        19    514.02
        20   492.733
        21   477.625
        22   468.707
        23   454.734
        24   442.772
        25   441.487
        26   435.671
        27   431.419
        28   429.706
        29   425.841
        30   425.656
        31   425.656
        32   425.517
        33   421.358
        34   415.257
        35   415.257
        36   415.257
        37   415.257
        38   415.099
        39   411.541
        40   403.275
        41   400.417
        42   391.834
        43    389.59
        44    389.59
        45    389.59
        46   389.552
        47   388.623
        48   387.027
        49   386.914
        50   386.749
        51   386.749
        52   386.667
        53   384.009
        54   380.621
        55   380.594
        56    379.98
        57   378.479
        58   376.597
        59   375.935
        60   375.929
        61    375.78
        62   375.396
        63   372.966
        64   367.938
        65   366.644
        66   365.498
        67   364.405
        68   364.405
        69   364.405
        70   364.405
        71   364.372
        72   363.293
        73   361.914
        74   360.521
        75   357.774
        76    357.77
        77    357.69
        78    356.64
        79   355.153
        80   353.957
        81   351.149
        82   348.441
        83   347.465
        84   347.465
        85   347.465
        86   347.465
        87   347.465
        88   347.465
        89   347.465
        90    347.46
        91   347.443
        92    347.31
        93   347.066
        94   347.066
        95   347.066
        96   347.066
        97   347.066
        98   347.066
        99   347.066
       100   347.066
       101   347.066
       102   347.066
       103   347.066
       104   347.042
       105   346.222
       106   344.177
       107   342.912
       108   342.422
       109   340.993
       110   340.724
       111   340.355
       112   339.535
       113   339.534
       114   339.516
       115   339.305
       116   338.563
       117   338.214
       118   338.078
       119   337.785
       120   337.685
       121   337.685
       122   337.685
       123   337.685
       124   337.685
       125   337.685
       126   337.685
       127   337.629
       128   336.307
       129   333.449
       130   333.449
       131   333.449
       132   333.449
       133   333.449
       134   333.449
       135   333.433
       136   333.093
       137   332.316
       138   332.236
       139   332.236
       140   332.236
       141   332.236
       142   332.236
       143   332.214
       144   331.783
       145   330.627
       146   330.627
       147   330.627
       148   330.627
       149   330.571
       150   329.679
       151   326.405
       152   323.874
       153   320.997
       154   319.949
       155   317.511
       156   316.118
       157   315.598
       158   314.952
       159   314.952
       160   314.952
       161   314.952
       162   314.952
       163   314.952
       164   314.945
       165   314.679
       166   314.441
       167   314.441
       168   314.441
       169   314.417
       170   314.073
       171   313.092
       172   312.602
       173   312.602
       174   312.591
       175   312.324
       176    311.94
       177   311.801
       178   311.801
       179   311.801
       180   311.801
       181   311.801
       182   311.801
       183   311.801
       184   311.801
       185   311.801
       186   311.789
       187   311.563
       188   310.953
       189    310.93
       190   310.327
       191   309.278
       192   309.278
       193   309.278
       194   309.278
       195   309.278
       196   309.278
       197   309.278
       198   309.278
       199   309.278
       200   309.278
       201   309.278
       202   309.278
       203   309.278
       204   309.278
       205   309.278
       206   309.278
       207   309.278
       208   309.278
       209   309.278
       210   309.278
       211   309.278
       212   309.278
       213   309.278
       214   309.278
       215   309.278
       216   309.278
       217   309.278
       218   309.278
       219   309.275
       220   309.231
       221   309.189
       222    309.17
       223   308.741
       224   307.727
       225   307.727
       226   307.727
       227   307.727
       228   307.727
       229   307.727
       230   307.727
       231   307.727
       232   307.727
       233   307.727
       234   307.727
       235   307.718
       236   307.394
       237   306.329
       238   305.225
       239   303.949
       240   302.527
       241   302.527
       242   302.527
       243   302.527
       244   302.527
       245   302.527
       246   302.527
       247   302.527
       248   302.527
       249   302.527
       250   302.465
       251   301.214
       252   298.338
       253   297.828
       254   297.508
       255   297.111
       256   297.111
       257   297.111
       258   297.111
       259   297.111
       260   297.111
       261   297.111
       262   297.111
       263   297.111
       264   297.111
       265   297.111
       266   297.111
       267   297.111
       268   297.111
       269   297.111
       270   297.111
       271   297.111
       272   297.111
       273   297.111
       274   297.111
       275   297.111
       276   297.111
       277   297.111
       278   297.111
       279   297.111
       280   297.111
       281   297.111
       282   297.111
       283   297.111
       284   297.111
       285   297.111
       286   297.111
       287   297.111
       288   297.111
       289   297.111
       290   297.111
       291   297.111
       292   297.111
       293   297.111
       294   297.111
       295   297.111
       296   297.111
       297   297.111
       298   297.111
       299   297.105
       300   297.048
       301   296.782
       302   296.636
       303   296.636
       304   296.636
       305   296.636
       306   296.636
       307   296.636
       308   296.636
       309   296.636
       310   296.636
       311   296.636
       312   296.636
       313   296.636
       314   296.636
       315   296.636
       316   296.636
       317   296.636
       318   296.636
       319   296.636
       320   296.636
       321   296.636
       322   296.599
       323    295.64
       324   293.869
       325   293.869
       326   293.869
       327   293.869
       328   293.869
       329   293.869
       330   293.869
       331   293.869
       332   293.869
       333   293.847
       334    293.16
       335   292.184
       336    291.57
       337   290.436
       338   290.436
       339   290.436
       340   290.436
       341   290.436
       342   290.436
       343   290.436
       344   290.419
       345   289.796
       346   289.206
       347   289.206
       348   289.206
       349   289.206
       350   289.206
       351   289.206
       352   289.206
       353   289.206
       354   289.206
       355   289.206
       356   289.206
       357   289.206
       358   289.206
       359   289.206
       360   289.206
       361   289.206
       362   289.206
       363   289.206
       364   289.206
       365   289.206
       366   289.206
       367   289.206
       368   289.206
       369   289.206
       370   289.206
       371   289.206
       372   289.206
       373   289.206
       374   289.206
       375   289.206
       376   289.206
       377   289.206
       378   289.206
       379   289.206
       380   289.206
       381   289.206
       382   289.206
       383   289.206
       384   289.206
       385   289.206
       386   289.206
       387   289.206
       388   289.206
       389   289.206
       390   289.206
       391   289.206
       392   289.206
       393   289.206
       394   289.206
       395   289.206
       396   289.206
       397   289.206
       398   289.206
       399   289.206
       400   289.206
       401   289.206
       402   289.206
       403   289.206
       404   289.206
       405   289.206
       406   289.206
       407   289.206
       408   289.206
       409   289.206
       410   289.206
       411   289.206
       412   289.206
       413   289.206
       414   289.206
       415   289.206
       416   289.206
       417   289.206
       418   289.206
       419   289.206
       420   289.206
       421   289.206
       422   289.206
       423   289.206
       424   289.206
       425   289.206
       426   289.206
       427   289.191
       428   289.161
       429   289.161
       430   289.161
       431   289.161
       432   289.161
       433   289.161
       434   289.161
       435   289.161
       436   289.161
       437   289.161
       438   289.161
       439   289.161
       440   289.161
       441   289.161
       442   289.161
       443   289.161
       444   289.161
       445   289.161
       446   289.161
       447   289.161
       448   289.161
       449   289.161
       450   289.161
       451   289.161
       452   289.161
       453   289.161
       454   289.161
       455   289.161
       456   289.161
       457   289.161
       458   289.161
       459   289.161
       460   289.161
       461   289.161
       462   289.161
       463   289.161
       464   289.157
       465   289.061
       466   288.871
       467   288.871
       468   288.871
       469   288.871
       470   288.871
       471   288.871
       472   288.871
       473   288.871
       474   288.871
       475   288.871
       476   288.871
       477   288.871
       478   288.871
       479   288.858
       480   288.474
       481   288.137
       482   288.068
       483   287.931
       484   287.883
       485   287.883
       486   287.883
       487   287.883
       488   287.856
       489   287.411
       490   286.022
       491   285.676
       492   284.116
       493   281.278
       494   281.278
       495   281.278
       496   281.278
       497   281.278
       498   281.278
       499   281.278
       500   281.278
       501   281.278
       502   281.278
       503   281.278
       504   281.278
       505   281.278
       506   281.278
       507   281.278
       508   281.278
       509   281.278
       510   281.278
       511   281.278
       512   281.278
       513   281.278
       514   281.278
       515   281.278
       516   281.278
       517   281.278
       518   281.278
       519   281.278
       520   281.278
       521   281.278
       522   281.278
       523   281.278
       524   281.278
       525   281.278
       526   281.278
       527   281.278
       528   281.278
       529   281.278
       530   281.278
       531   281.278
       532   281.278
       533   281.278
       534   281.278
       535   281.278
       536   281.278
       537   281.278
       538   281.278
       539   281.278
       540   281.278
       541   281.278
       542   281.278
       543   281.278
       544   281.278
       545   281.278
       546   281.278
       547   281.278
       548   281.278
       549   281.278
       550   281.278
       551   281.278
       552   281.278
       553   281.278
       554   281.278
       555   281.278
       556   281.278
       557   281.278
       558   281.278
       559   281.278
       560   281.278
       561   281.278
       562   281.278
       563   281.278
       564   281.278
       565   281.278
       566   281.278
       567   281.278
       568   281.278
       569   281.278
       570   281.278
       571   281.278
       572   281.278
       573   281.278
       574   281.278
       575   281.278
       576   281.278
       577   281.278
       578   281.278
       579   281.278
       580   281.278
       581   281.278
       582   281.278
       583   281.278
       584   281.278
       585   281.278
       586   281.278
       587   281.278
       588   281.278
       589   281.278
       590   281.278
       591   281.278
       592   281.278
       593   281.278
       594   281.278
       595   281.278
       596   281.278
       597   281.278
       598   281.278
       599   281.278
       600   281.278
       601   281.278
       602   281.278
       603   281.278
       604   281.278
       605   281.278
       606   281.278
       607   281.278
       608   281.278
       609   281.278
       610   281.278
       611   281.278
       612   281.278
       613   281.278
       614   281.278
       615   281.278
       616   281.278
       617   281.278
       618   281.278
       619   281.278
       620   281.278
       621   281.278
       622   281.278
       623   281.278
       624   281.278
       625   281.278
       626   281.278
       627   281.278
       628   281.278
       629   281.278
       630   281.278
       631   281.278
       632   281.278
       633   281.278
       634   281.278
       635   281.278
       636   281.278
       637   281.278
       638   281.278
       639   281.278
       640   281.278
       641   281.278
       642   281.278
       643   281.278
       644   281.278
       645   281.278
       646   281.278
       647   281.278
       648   281.278
       649   281.278
       650   281.278
       651   281.278
       652   281.278
       653   281.278
       654   281.278
       655   281.278
       656   281.278
       657   281.278
       658   281.278
       659   281.278
       660   281.278
       661   281.278
       662   281.278
       663   281.278
       664   281.278
       665   281.278
       666   281.278
       667   281.278
       668   281.278
       669   281.278
       670   281.278
       671   281.278
       672   281.278
       673   281.278
       674   281.278
       675   281.278
       676   281.278
       677   281.278
       678   281.278
       679   281.278
       680   281.278
       681   281.278
       682   281.278
       683   281.278
       684   281.278
       685   281.278
       686   281.278
       687   281.278
       688   281.278
       689   281.278
       690   281.278
       691   281.278
       692   281.278
       693   281.275
       694   281.189
       695   281.011
       696   281.011
       697   281.011
       698   281.011
       699   281.011
       700   281.011
       701   281.011
       702   281.011
       703   281.011
       704   281.011
       705   281.011
       706   281.011
       707   281.011
       708   281.011
       709   281.011
       710   281.011
       711   281.011
       712   281.011
       713   281.011
       714   281.011
       715   281.011
       716   281.011
       717   281.011
       718   281.011
       719   281.011
       720   281.011
       721   281.011
       722   281.011
       723   281.011
       724   281.011
       725   281.011
       726   281.011
       727   281.011
       728   281.011
       729   281.011
       730   281.011
       731   281.011
       732   281.011
       733   281.011
       734   281.011
       735   281.011
       736   281.011
       737   281.011
       738   281.011
       739   281.011
       740   281.011
       741   281.011
       742   281.011
       743   281.011
       744   281.011
       745   281.011
       746   281.011
       747   281.011
       748   281.011
       749   281.011
       750   281.011
       751   281.011
       752   281.011
       753   281.011
       754   281.011
       755   281.011
       756   281.011
       757   281.011
       758   281.011
       759   281.011
       760   281.011
       761   281.011
       762   281.011
       763   281.011
       764   281.011
       765   281.011
       766   281.011
       767   281.011
       768   281.011
       769   281.011
       770   281.011
       771   281.011
       772   281.011
       773   281.011
       774   281.011
       775   281.011
       776   281.011
       777   281.011
       778   281.011
       779   281.011
       780   281.011
       781   281.011
       782   281.011
       783   281.011
       784   281.011
       785   281.011
       786   281.011
       787   281.011
       788   281.011
       789   281.011
       790   281.011
       791   281.011
       792   281.011
       793   281.011
       794   281.011
       795   281.011
       796   281.011
       797   281.011
       798   281.011
       799   281.011
       800   281.011
       801   281.011
       802   281.011
       803   281.011
       804   281.011
       805   281.011
       806   281.011
       807   281.011
       808   281.011
       809   281.011
       810   281.011
       811   281.011
       812   281.011
       813   281.011
       814   281.011
       815   281.011
       816   281.011
       817   281.011
       818   281.011
       819   281.011
       820   281.011
       821   281.011
       822   281.011
       823   281.011
       824   281.011
       825   281.011
       826   281.011
       827   281.011
       828   281.011
       829   281.011
       830   281.011
       831   281.011
       832   281.011
       833   281.011
       834   281.011
       835   281.011
       836   281.011
       837   281.011
       838   281.011
       839   281.011
       840   281.011
       841   281.011
       842   281.011
       843   281.011
       844   281.011
       845   281.011
       846   281.011
       847   281.011
       848   281.011
       849   281.011
       850   281.011
       851   281.011
       852   281.011
       853   281.011
       854   281.011
       855   281.011
       856   281.011
       857   281.011
       858   281.011
       859   281.011
       860   281.011
       861   281.011
       862   281.011
       863   281.011
       864   281.011
       865   281.011
       866   281.011
       867   281.011
       868   281.011
       869   281.011
       870   281.011
       871   281.011
       872   281.011
       873   281.011
       874   281.011
       875   281.011
       876   281.011
       877   281.011
       878   281.011
       879   281.011
       880   281.011
       881   281.011
       882   281.011
       883   281.011
       884   281.011
       885   281.011
       886   281.011
       887   281.011
       888   281.011
       889   281.011
       890   281.011
       891   281.011
       892   281.011
       893   281.011
       894   281.011
       895   281.011
       896   281.011
       897   281.011
       898   281.011
       899   281.011
       900   281.011
       901   281.011
       902   281.011
       903   281.011
       904   281.011
       905   281.011
       906   281.011
       907   281.011
       908   281.011
       909   281.011
       910   281.011
       911   281.011
       912   281.011
       913   281.011
       914   281.011
       915   281.011
       916   281.011
       917   281.011
       918   281.011
       919   281.011
       920   281.011
       921   281.011
       922   281.011
       923   281.011
       924   281.011
       925   281.011
       926   281.011
       927   281.011
       928   281.011
       929   281.011
       930   281.011
       931   281.011
       932   281.011
       933   281.011
       934   281.011
       935   281.011
       936   281.011
       937   281.011
       938   281.011
       939   281.011
       940   281.011
       941   281.011
       942   281.011
       943   281.011
       944   281.011
       945   281.011
       946   281.011
       947   281.011
       948   281.011
       949   281.011
       950   281.011
       951   281.011
       952   281.011
       953   281.011
       954   281.011
       955   281.011
       956   281.011
       957   280.992
       958   280.331
       959   279.596
       960   279.596
       961   279.596
       962   279.596
       963   279.596
       964   279.596
       965   279.596
       966   279.596
       967   279.596
       968   279.596
       969   279.596
       970   279.596
       971   279.596
       972   279.596
       973   279.596
       974   279.596
       975   279.596
       976   279.596
       977   279.596
       978   279.596
       979   279.596
       980   279.596
       981   279.596
       982   279.596
       983   279.596
       984   279.596
       985   279.596
       986   279.596
       987   279.596
       988   279.596
       989   279.596
       990   279.596
       991   279.596
       992   279.596
       993   279.596
       994   279.596
       995   279.596
       996   279.596
       997   279.596
       998   279.596
       999   279.596
