         0   963.292
         1    887.97
         2   852.663
         3   827.237
         4   795.667
         5   765.321
         6   739.274
         7   725.796
         8   711.105
         9   696.118
        10   672.827
        11   653.761
        12    634.72
        13   626.923
        14   616.124
        15    601.53
        16   586.498
        17   577.142
        18   569.407
        19   559.807
        20   547.672
        21   536.775
        22   520.182
        23    517.71
        24   515.258
        25   510.263
        26   506.379
        27   503.101
        28   497.529
        29   484.396
        30   477.454
        31   472.692
        32   462.309
        33   456.166
        34   446.938
        35   439.904
        36   438.119
        37       434
        38   432.765
        39   431.553
        40   429.496
        41   424.611
        42   415.331
        43   410.492
        44   407.077
        45   404.678
        46   397.447
        47   386.877
        48   383.785
        49   378.655
        50   371.262
        51    366.12
        52   365.459
        53   365.355
        54   365.156
        55     365.1
        56   364.137
        57   361.358
        58   360.586
        59   359.745
        60   359.096
        61   356.428
        62   353.999
        63    353.99
        64   353.582
        65   352.648
        66    350.97
        67    348.93
        68   346.297
        69   341.172
        70   337.629
        71   335.644
        72   330.912
        73   321.507
        74   309.073
        75   307.504
        76   307.216
        77    306.65
        78    306.65
        79    306.65
        80    306.65
        81    306.65
        82    306.65
        83    306.65
        84    306.65
        85    306.65
        86    306.65
        87    306.65
        88    306.65
        89    306.65
        90    306.65
        91    306.65
        92    306.65
        93    306.65
        94    306.65
        95   306.646
        96   306.545
        97   306.346
        98   306.304
        99    305.42
       100   303.464
       101   302.767
       102   299.419
       103   296.373
       104   296.373
       105   296.362
       106   295.998
       107   295.545
       108   295.545
       109   295.545
       110   295.545
       111   295.545
       112   295.533
       113   295.145
       114   292.635
       115   289.106
       116   288.391
       117   287.353
       118   287.066
       119   287.066
       120   287.066
       121   287.066
       122   287.066
       123   287.066
       124   287.056
       125   286.766
       126    286.34
       127    286.34
       128    286.34
       129    286.34
       130    286.34
       131   285.537
       132   283.928
       133   283.928
       134   283.928
       135    283.91
       136    283.39
       137   282.584
       138   282.584
       139   282.584
       140   282.584
       141   282.584
       142   282.584
       143   282.584
       144   282.584
       145   282.584
       146   282.584
       147   282.584
       148   282.584
       149   282.584
       150   282.584
       151   282.584
       152   282.584
       153   282.584
       154   282.584
       155   282.584
       156   282.584
       157   282.584
       158   282.584
       159   282.584
       160   282.584
       161   282.584
       162   282.584
       163   282.584
       164   282.584
       165   282.584
       166   282.584
       167   282.584
       168   282.584
       169   282.584
       170   282.584
       171   282.244
       172   281.876
       173   281.876
       174   281.876
       175   281.876
       176   281.876
       177   281.876
       178   281.876
       179   281.876
       180   281.876
       181   281.655
       182   281.109
       183   280.597
       184   280.597
       185   280.597
       186   280.597
       187   280.597
       188   280.597
       189   280.597
       190   280.597
       191   280.597
       192   280.597
       193   280.597
       194   280.587
       195   280.386
       196   279.825
       197   279.804
       198   279.804
       199   279.804
       200   279.804
       201   279.804
       202   279.804
       203   279.804
       204   279.804
       205   279.804
       206   279.804
       207   279.804
       208   279.804
       209   279.804
       210   279.804
       211   279.804
       212   279.804
       213   279.804
       214   279.804
       215   279.804
       216   279.804
       217   279.804
       218   279.804
       219   279.804
       220   279.804
       221   279.804
       222   279.804
       223   279.804
       224   279.804
       225   279.804
       226   279.804
       227   279.804
       228   279.804
       229   279.804
       230   279.804
       231   279.804
       232   279.804
       233   279.804
       234   279.804
       235   279.804
       236   279.804
       237   279.804
       238   279.804
       239   279.804
       240   279.804
       241   279.804
       242   279.804
       243   279.804
       244   279.804
       245   279.804
       246   279.804
       247   279.804
       248   279.804
       249   279.804
       250   279.804
       251   279.804
       252   279.804
       253   279.804
       254   279.804
       255   279.804
       256   279.804
       257   279.804
       258   279.804
       259   279.804
       260   279.804
       261   279.804
       262   279.804
       263   279.804
       264   279.804
       265   279.804
       266   279.804
       267   279.804
       268   279.804
       269   279.804
       270   279.804
       271   279.804
       272   279.804
       273   279.804
       274   279.804
       275   279.804
       276   279.804
       277   279.804
       278   279.804
       279   279.804
       280   279.804
       281   279.804
       282   279.804
       283   279.804
       284   279.804
       285   279.804
       286   279.804
       287   279.804
       288   279.804
       289   279.804
       290   279.804
       291   279.804
       292   279.804
       293   279.804
       294   279.804
       295   279.804
       296   279.804
       297   279.804
       298   279.804
       299   279.804
       300   279.804
       301   279.804
       302   279.804
       303   279.804
       304   279.804
       305   279.804
       306   279.804
       307   279.804
       308   279.804
       309   279.804
       310   279.804
       311   279.804
       312   279.804
       313   279.804
       314   279.804
       315   279.804
       316   279.804
       317   279.804
       318   279.804
       319   279.804
       320   279.804
       321   279.804
       322   279.804
       323   279.804
       324   279.804
       325   279.804
       326   279.804
       327   279.804
       328   279.804
       329   279.804
       330   279.804
       331   279.804
       332   279.804
       333   279.804
       334   279.804
       335   279.804
       336   279.804
       337   279.804
       338   279.804
       339   279.804
       340   279.804
       341   279.804
       342   279.804
       343   279.804
       344   279.804
       345   279.804
       346   279.804
       347   279.804
       348   279.804
       349   279.804
       350   279.804
       351   279.804
       352   279.804
       353   279.804
       354   279.804
       355   279.804
       356   279.804
       357   279.804
       358   279.804
       359   279.804
       360   279.804
       361   279.804
       362   279.804
       363   279.804
       364   279.804
       365   279.804
       366   279.804
       367   279.804
       368   279.804
       369   279.804
       370   279.804
       371   279.804
       372   279.804
       373   279.804
       374   279.804
       375   279.804
       376   279.804
       377   279.804
       378   279.804
       379   279.804
       380   279.804
       381   279.804
       382   279.804
       383   279.804
       384   279.804
       385   279.804
       386   279.804
       387   279.804
       388   279.804
       389   279.804
       390   279.804
       391   279.804
       392   279.804
       393   279.804
       394   279.804
       395   279.804
       396   279.804
       397   279.804
       398   279.804
       399   279.804
       400   279.804
       401   279.804
       402   279.804
       403   279.804
       404   279.804
       405   279.804
       406   279.804
       407   279.804
       408   279.804
       409   279.804
       410   279.804
       411   279.804
       412   279.804
       413   279.804
       414   279.804
       415   279.804
       416   279.804
       417   279.804
       418   279.804
       419   279.804
       420   279.804
       421   279.804
       422   279.804
       423   279.804
       424   279.804
       425   279.804
       426   279.804
       427   279.804
       428   279.804
       429   279.804
       430   279.804
       431   279.804
       432   279.804
       433   279.804
       434   279.804
       435   279.804
       436   279.804
       437   279.804
       438   279.804
       439   279.804
       440   279.804
       441   279.804
       442   279.804
       443   279.804
       444   279.804
       445   279.804
       446   279.804
       447   279.804
       448   279.804
       449   279.804
       450   279.804
       451   279.804
       452   279.804
       453   279.804
       454   279.804
       455   279.804
       456   279.804
       457   279.804
       458   279.804
       459   279.804
       460   279.804
       461   279.804
       462   279.804
       463   279.804
       464   279.804
       465   279.804
       466   279.804
       467   279.804
       468   279.804
       469   279.804
       470   279.804
       471   279.804
       472   279.804
       473   279.804
       474   279.804
       475   279.804
       476   279.804
       477   279.804
       478   279.804
       479   279.804
       480   279.804
       481   279.804
       482   279.804
       483   279.804
       484   279.804
       485   279.804
       486   279.804
       487   279.804
       488   279.804
       489   279.804
       490   279.804
       491   279.804
       492   279.804
       493   279.804
       494   279.804
       495   279.804
       496   279.804
       497   279.804
       498   279.804
       499   279.804
       500   279.804
       501   279.804
       502   279.804
       503   279.804
       504   279.804
       505   279.804
       506   279.804
       507   279.804
       508   279.804
       509   279.804
       510   279.804
       511   279.804
       512   279.804
       513   279.804
       514   279.804
       515   279.804
       516   279.804
       517   279.804
       518   279.804
       519   279.804
       520   279.804
       521   279.804
       522   279.804
       523   279.804
       524   279.804
       525   279.804
       526   279.804
       527   279.804
       528   279.804
       529   279.804
       530   279.804
       531   279.804
       532   279.804
       533   279.804
       534   279.804
       535   279.804
       536   279.804
       537   279.804
       538   279.804
       539   279.804
       540   279.804
       541   279.804
       542   279.804
       543   279.804
       544   279.804
       545   279.804
       546   279.804
       547   279.804
       548   279.804
       549   279.804
       550   279.804
       551   279.804
       552   279.804
       553   279.804
       554   279.804
       555   279.804
       556   279.804
       557   279.804
       558   279.804
       559   279.804
       560   279.804
       561   279.804
       562   279.804
       563   279.804
       564   279.804
       565   279.804
       566   279.804
       567   279.804
       568   279.804
       569   279.804
       570   279.804
       571   279.804
       572   279.804
       573   279.804
       574   279.804
       575   279.804
       576   279.804
       577   279.804
       578   279.804
       579   279.804
       580   279.804
       581   279.804
       582   279.804
       583   279.804
       584   279.804
       585   279.804
       586   279.804
       587   279.804
       588   279.804
       589   279.804
       590   279.804
       591   279.804
       592   279.804
       593   279.804
       594   279.804
       595   279.804
       596   279.804
       597   279.804
       598   279.804
       599   279.804
       600   279.804
       601   279.804
       602   279.804
       603   279.804
       604   279.804
       605   279.804
       606   279.804
       607   279.804
       608   279.804
       609   279.804
       610   279.804
       611   279.804
       612   279.804
       613   279.804
       614   279.804
       615   279.804
       616   279.804
       617   279.804
       618   279.804
       619   279.804
       620   279.804
       621   279.804
       622   279.804
       623   279.804
       624   279.804
       625   279.804
       626   279.804
       627   279.804
       628   279.804
       629   279.804
       630   279.804
       631   279.804
       632   279.804
       633   279.804
       634   279.804
       635   279.804
       636   279.804
       637   279.804
       638   279.804
       639   279.804
       640   279.804
       641   279.804
       642   279.804
       643   279.804
       644   279.804
       645   279.804
       646   279.804
       647   279.804
       648   279.804
       649   279.804
       650   279.804
       651   279.804
       652   279.804
       653   279.804
       654   279.804
       655   279.804
       656   279.804
       657   279.804
       658   279.804
       659   279.804
       660   279.804
       661   279.804
       662   279.804
       663   279.804
       664   279.804
       665   279.804
       666   279.804
       667   279.804
       668   279.804
       669   279.804
       670   279.804
       671   279.804
       672   279.804
       673   279.804
       674   279.804
       675   279.804
       676   279.804
       677   279.804
       678   279.804
       679   279.804
       680   279.804
       681   279.804
       682   279.804
       683   279.804
       684   279.804
       685   279.804
       686   279.804
       687   279.804
       688   279.804
       689   279.804
       690   279.804
       691   279.804
       692   279.804
       693   279.804
       694   279.804
       695   279.804
       696   279.804
       697   279.804
       698   279.804
       699   279.804
       700   279.804
       701   279.804
       702   279.804
       703   279.804
       704   279.804
       705   279.804
       706   279.804
       707   279.804
       708   279.804
       709   279.804
       710   279.804
       711   279.804
       712   279.804
       713   279.804
       714   279.804
       715   279.804
       716   279.804
       717   279.804
       718   279.804
       719   279.804
       720   279.804
       721   279.804
       722   279.804
       723   279.804
       724   279.804
       725   279.804
       726   279.804
       727   279.804
       728   279.804
       729   279.804
       730   279.804
       731   279.804
       732   279.804
       733   279.804
       734   279.804
       735   279.804
       736   279.804
       737   279.804
       738   279.804
       739   279.804
       740   279.804
       741   279.804
       742   279.804
       743   279.804
       744   279.804
       745   279.804
       746   279.804
       747   279.804
       748   279.804
       749   279.804
       750   279.804
       751   279.804
       752   279.804
       753   279.804
       754   279.804
       755   279.804
       756   279.804
       757   279.804
       758   279.804
       759   279.804
       760   279.804
       761   279.804
       762   279.804
       763   279.804
       764   279.804
       765   279.804
       766   279.804
       767   279.804
       768   279.804
       769   279.804
       770   279.804
       771   279.804
       772   279.804
       773   279.804
       774   279.804
       775   279.804
       776   279.804
       777   279.804
       778   279.804
       779   279.804
       780   279.804
       781   279.804
       782   279.804
       783   279.804
       784   279.804
       785   279.804
       786   279.804
       787   279.804
       788   279.804
       789   279.804
       790   279.804
       791   279.804
       792   279.804
       793   279.804
       794   279.804
       795   279.804
       796   279.804
       797   279.804
       798   279.804
       799   279.804
       800   279.804
       801   279.785
       802   279.517
       803   278.464
       804   278.368
       805   278.368
       806   278.368
       807   278.368
       808   278.368
       809   278.368
       810   278.368
       811   278.368
       812   278.368
       813   278.368
       814   278.368
       815   278.368
       816   278.368
       817   278.368
       818   278.368
       819   278.368
       820   278.368
       821   278.368
       822   278.368
       823   278.368
       824   278.368
       825   278.368
       826   278.368
       827   278.368
       828   278.368
       829   278.368
       830   278.368
       831   278.368
       832   278.368
       833   278.368
       834   278.368
       835   278.368
       836   278.368
       837   278.368
       838   278.368
       839   278.368
       840   278.368
       841   278.368
       842   278.368
       843   278.368
       844   278.368
       845   278.368
       846   278.368
       847   278.368
       848   278.368
       849   278.368
       850   278.368
       851   278.368
       852   278.368
       853   278.368
       854   278.368
       855   278.368
       856   278.368
       857   278.368
       858   278.368
       859   278.368
       860   278.368
       861   278.368
       862   278.368
       863   278.368
       864   278.368
       865   278.368
       866   278.368
       867   278.368
       868   278.368
       869   278.368
       870   278.368
       871   278.368
       872   278.368
       873   278.368
       874   278.368
       875   278.368
       876   278.368
       877   278.368
       878   278.368
       879   278.368
       880   278.368
       881   278.368
       882   278.368
       883   278.368
       884   278.368
       885   278.368
       886   278.368
       887   278.368
       888   278.368
       889   278.368
       890   278.368
       891   278.368
       892   278.368
       893   278.368
       894   278.368
       895   278.368
       896   278.368
       897   278.368
       898   278.368
       899   278.368
       900   278.368
       901   278.368
       902   278.368
       903   278.368
       904   278.368
       905   278.368
       906   278.368
       907   278.368
       908   278.368
       909   278.368
       910   278.368
       911   278.368
       912   278.368
       913   278.368
       914   278.368
       915   278.368
       916   278.368
       917   278.368
       918   278.368
       919   278.368
       920   278.368
       921   278.368
       922   278.368
       923   278.368
       924   278.368
       925   278.368
       926   278.368
       927   278.368
       928   278.368
       929   278.368
       930   278.368
       931   278.368
       932   278.368
       933   278.368
       934   278.368
       935   278.368
       936   278.368
       937   278.368
       938   278.368
       939   278.368
       940   278.368
       941   278.368
       942   278.368
       943   278.368
       944   278.368
       945   278.368
       946   278.368
       947   278.368
       948   278.368
       949   278.368
       950   278.368
       951   278.368
       952   278.368
       953   278.368
       954   278.368
       955   278.368
       956   278.368
       957   278.368
       958   278.368
       959   278.368
       960   278.368
       961   278.368
       962   278.368
       963   278.368
       964   278.368
       965   278.368
       966   278.368
       967   278.368
       968   278.368
       969   278.368
       970   278.368
       971   278.368
       972   278.368
       973   278.368
       974   278.368
       975   278.368
       976   278.368
       977   278.368
       978   278.368
       979   278.368
       980   278.368
       981   278.368
       982   278.368
       983   278.368
       984   278.368
       985   278.368
       986   278.368
       987   278.368
       988   278.368
       989   278.368
       990   278.368
       991   278.368
       992   278.368
       993   278.368
       994   278.368
       995   278.368
       996   278.368
       997   278.368
       998   278.368
       999   278.368
