         0   963.292
         1    887.97
         2   852.663
         3   827.237
         4   795.667
         5   765.321
         6   739.274
         7   725.796
         8   711.105
         9   696.118
        10   672.827
        11   649.341
        12   617.482
        13    596.76
        14   586.534
        15   566.669
        16   548.804
        17   539.131
        18   529.331
        19   519.046
        20   505.149
        21   491.625
        22   478.196
        23    477.54
        24   472.876
        25   469.329
        26   468.598
        27   466.447
        28   461.105
        29   452.878
        30    446.04
        31   443.456
        32   442.043
        33   440.064
        34   436.903
        35   432.385
        36   426.405
        37   424.888
        38   422.303
        39   415.411
        40   404.022
        41   404.022
        42   403.872
        43   400.835
        44   393.223
        45   392.994
        46   392.681
        47   390.637
        48   385.033
        49   384.339
        50   382.341
        51   377.546
        52   372.789
        53   368.576
        54   367.429
        55   365.735
        56   365.342
        57   363.969
        58   362.147
        59   361.924
        60   360.922
        61   359.001
        62   358.554
        63   357.619
        64   354.116
        65   352.818
        66   352.163
        67   350.335
        68   349.144
        69   346.359
        70   345.741
        71   344.375
        72   341.775
        73   340.157
        74   340.143
        75   340.143
        76   340.143
        77   340.072
        78   338.973
        79   335.735
        80   334.854
        81   334.854
        82   334.854
        83   334.854
        84   334.854
        85   334.854
        86   334.854
        87   334.854
        88   334.854
        89   334.854
        90   334.828
        91   334.039
        92   332.862
        93   332.862
        94   332.862
        95   332.862
        96   332.862
        97   332.862
        98   332.862
        99   332.849
       100   332.709
       101   332.274
       102   331.902
       103   331.881
       104   331.823
       105   331.528
       106   331.158
       107   331.158
       108   331.147
       109   330.873
       110   327.039
       111   324.016
       112   323.721
       113   322.532
       114   321.097
       115   320.706
       116   320.702
       117   320.586
       118   320.402
       119   319.592
       120   318.772
       121   318.695
       122    318.13
       123   317.514
       124   317.514
       125   317.514
       126   317.514
       127   317.514
       128   317.514
       129   317.514
       130   317.514
       131   317.514
       132   317.514
       133   317.514
       134   317.514
       135   317.514
       136   317.514
       137   317.514
       138   317.514
       139   317.514
       140   317.514
       141   317.514
       142   317.514
       143   317.514
       144   317.484
       145   316.825
       146   315.249
       147   315.249
       148   315.231
       149   314.695
       150   313.412
       151   312.463
       152   312.224
       153   308.841
       154    299.15
       155   294.939
       156   294.938
       157   294.863
       158    294.15
       159   291.655
       160   291.134
       161   291.131
       162   291.131
       163   291.131
       164   291.129
       165   291.068
       166   290.495
       167   289.477
       168   289.477
       169   289.477
       170   289.477
       171   289.477
       172   289.477
       173   289.477
       174   289.434
       175   288.008
       176   286.237
       177   286.237
       178   286.237
       179   286.237
       180   286.237
       181   286.237
       182   286.237
       183   286.237
       184   286.237
       185   286.237
       186   286.237
       187   286.237
       188   286.237
       189   286.237
       190   286.237
       191   286.237
       192   286.237
       193   286.237
       194   286.237
       195   286.237
       196   286.237
       197   286.237
       198   286.237
       199   286.237
       200   286.237
       201   286.237
       202   286.237
       203   286.237
       204   286.237
       205   286.237
       206   286.237
       207   286.237
       208   286.237
       209   286.237
       210   286.237
       211   286.237
       212   286.237
       213   286.237
       214   286.237
       215   286.237
       216   286.237
       217   286.237
       218   286.237
       219   286.237
       220   286.237
       221   286.237
       222   286.237
       223   286.237
       224   286.237
       225   286.237
       226   286.237
       227   286.237
       228   286.237
       229   286.237
       230   286.237
       231   286.237
       232   286.237
       233   286.237
       234   286.237
       235   286.237
       236   286.237
       237   286.237
       238   286.237
       239   286.237
       240   286.237
       241   286.237
       242   286.237
       243   286.237
       244   286.237
       245   286.237
       246   286.237
       247   286.237
       248   286.237
       249   286.237
       250   286.237
       251   286.237
       252   286.237
       253   286.237
       254   286.237
       255   286.237
       256   286.237
       257   286.237
       258   286.237
       259   286.237
       260   286.237
       261   286.237
       262   286.237
       263   286.237
       264   286.237
       265   286.237
       266   286.237
       267   286.237
       268   286.237
       269   286.237
       270   286.221
       271   285.715
       272   284.973
       273   284.973
       274   284.973
       275   284.973
       276   284.973
       277   284.973
       278   284.973
       279   284.973
       280   284.973
       281   284.973
       282   284.973
       283   284.973
       284   284.973
       285   284.973
       286   284.953
       287   284.702
       288   283.967
       289   283.522
       290   283.522
       291   283.522
       292   283.484
       293   282.565
       294   280.652
       295   280.652
       296   280.652
       297   280.652
       298   280.652
       299   280.652
       300   280.652
       301   280.652
       302   280.652
       303   280.652
       304   280.652
       305   280.652
       306   280.652
       307   280.652
       308   280.652
       309   280.652
       310   280.652
       311   280.652
       312   280.652
       313   280.652
       314   280.652
       315   280.652
       316   280.652
       317   280.652
       318   280.652
       319   280.652
       320   280.652
       321   280.652
       322   280.652
       323   280.652
       324   280.652
       325   280.652
       326   280.652
       327   280.652
       328   280.652
       329   280.652
       330   280.652
       331   280.652
       332   280.652
       333   280.652
       334   280.652
       335   280.652
       336   280.652
       337   280.652
       338   280.652
       339   280.652
       340   280.652
       341   280.652
       342   280.652
       343   280.652
       344   280.652
       345   280.652
       346   280.652
       347   280.652
       348   280.652
       349   280.652
       350   280.652
       351   280.652
       352   280.652
       353   280.652
       354   280.652
       355   280.652
       356   280.652
       357   280.652
       358   280.652
       359   280.652
       360   280.652
       361   280.652
       362   280.652
       363   280.652
       364   280.652
       365   280.652
       366   280.652
       367   280.652
       368   280.652
       369   280.652
       370   280.652
       371   280.652
       372   280.652
       373   280.652
       374   280.652
       375   280.652
       376   280.652
       377   280.652
       378   280.652
       379   280.652
       380   280.652
       381   280.652
       382   280.652
       383   280.652
       384   280.652
       385   280.652
       386   280.652
       387   280.652
       388   280.652
       389   280.652
       390   280.652
       391   280.652
       392   280.652
       393   280.652
       394   280.652
       395   280.652
       396   280.652
       397   280.652
       398   280.652
       399   280.652
       400   280.652
       401   280.652
       402   280.652
       403   280.652
       404   280.652
       405   280.652
       406   280.652
       407   280.652
       408   280.652
       409   280.652
       410   280.652
       411   280.652
       412   280.652
       413   280.652
       414   280.652
       415   280.652
       416   280.652
       417   280.652
       418   280.652
       419   280.652
       420   280.652
       421   280.652
       422   280.652
       423   280.652
       424   280.652
       425   280.644
       426   280.497
       427   280.126
       428   280.005
       429   280.005
       430   280.005
       431   280.005
       432   280.005
       433   280.005
       434   280.005
       435   280.005
       436   280.005
       437   280.002
       438   279.939
       439    279.79
       440    279.79
       441    279.79
       442    279.79
       443    279.79
       444    279.79
       445    279.79
       446    279.79
       447    279.79
       448    279.79
       449    279.79
       450    279.79
       451    279.79
       452    279.79
       453    279.79
       454    279.79
       455    279.79
       456    279.79
       457    279.79
       458    279.79
       459    279.79
       460    279.79
       461    279.79
       462    279.79
       463    279.79
       464    279.79
       465    279.79
       466    279.79
       467    279.79
       468    279.79
       469    279.79
       470    279.79
       471    279.79
       472    279.79
       473    279.79
       474    279.79
       475    279.79
       476    279.79
       477    279.79
       478    279.79
       479    279.79
       480    279.79
       481    279.79
       482    279.79
       483    279.79
       484    279.79
       485    279.79
       486    279.79
       487    279.79
       488    279.79
       489    279.79
       490    279.79
       491    279.79
       492    279.79
       493    279.79
       494    279.79
       495    279.79
       496    279.79
       497    279.79
       498    279.79
       499    279.79
       500    279.79
       501    279.79
       502    279.79
       503    279.79
       504    279.79
       505    279.79
       506    279.79
       507    279.79
       508    279.79
       509    279.79
       510    279.79
       511    279.79
       512    279.79
       513    279.79
       514    279.79
       515    279.79
       516    279.79
       517    279.79
       518    279.79
       519    279.79
       520    279.79
       521    279.79
       522    279.79
       523    279.79
       524    279.79
       525    279.79
       526    279.79
       527    279.79
       528    279.79
       529    279.79
       530    279.79
       531    279.79
       532    279.79
       533    279.79
       534    279.79
       535    279.79
       536    279.79
       537    279.79
       538    279.79
       539    279.79
       540    279.79
       541    279.79
       542    279.79
       543    279.79
       544    279.79
       545    279.79
       546    279.79
       547    279.79
       548    279.79
       549    279.79
       550    279.79
       551    279.79
       552    279.79
       553    279.79
       554    279.79
       555    279.79
       556    279.79
       557    279.79
       558    279.79
       559    279.79
       560    279.79
       561    279.79
       562    279.79
       563    279.79
       564    279.79
       565    279.79
       566    279.79
       567    279.79
       568    279.79
       569    279.79
       570    279.79
       571    279.79
       572    279.79
       573    279.79
       574    279.79
       575    279.79
       576    279.79
       577    279.79
       578    279.79
       579    279.79
       580    279.79
       581    279.79
       582   279.779
       583   279.469
       584   278.996
       585   278.996
       586   278.996
       587   278.996
       588   278.996
       589   278.996
       590   278.996
       591   278.996
       592   278.996
       593   278.996
       594   278.996
       595   278.996
       596   278.996
       597   278.996
       598   278.996
       599   278.996
       600   278.996
       601   278.996
       602   278.996
       603   278.996
       604   278.996
       605   278.996
       606   278.996
       607   278.996
       608   278.996
       609   278.996
       610   278.996
       611   278.996
       612   278.996
       613   278.996
       614   278.996
       615   278.996
       616   278.996
       617   278.996
       618   278.996
       619   278.996
       620   278.996
       621   278.996
       622   278.996
       623   278.996
       624   278.996
       625   278.996
       626   278.996
       627   278.996
       628   278.996
       629   278.996
       630   278.996
       631   278.996
       632   278.996
       633   278.996
       634   278.996
       635   278.996
       636   278.996
       637   278.996
       638   278.996
       639   278.996
       640   278.996
       641   278.996
       642   278.996
       643   278.996
       644   278.996
       645   278.996
       646   278.996
       647   278.996
       648   278.996
       649   278.996
       650   278.996
       651   278.996
       652   278.996
       653   278.996
       654   278.996
       655   278.996
       656   278.996
       657   278.996
       658   278.996
       659   278.996
       660   278.996
       661   278.996
       662   278.996
       663   278.996
       664   278.996
       665   278.996
       666   278.996
       667   278.996
       668   278.996
       669   278.996
       670   278.996
       671   278.996
       672   278.996
       673   278.996
       674   278.996
       675   278.996
       676   278.996
       677   278.996
       678   278.996
       679   278.996
       680   278.996
       681   278.996
       682   278.996
       683   278.996
       684   278.996
       685   278.996
       686   278.996
       687   278.996
       688   278.996
       689   278.996
       690   278.996
       691   278.996
       692   278.996
       693   278.996
       694   278.996
       695   278.996
       696   278.996
       697   278.996
       698   278.996
       699   278.996
       700   278.996
       701   278.996
       702   278.996
       703   278.996
       704   278.996
       705   278.996
       706   278.996
       707   278.996
       708   278.996
       709   278.996
       710   278.996
       711   278.996
       712   278.996
       713   278.996
       714   278.996
       715   278.996
       716   278.996
       717   278.996
       718   278.996
       719   278.996
       720   278.996
       721   278.996
       722   278.996
       723   278.996
       724   278.996
       725   278.996
       726   278.996
       727   278.996
       728   278.996
       729   278.996
       730   278.996
       731   278.996
       732   278.996
       733   278.996
       734   278.996
       735   278.996
       736   278.996
       737   278.996
       738   278.996
       739   278.996
       740   278.996
       741   278.996
       742   278.996
       743   278.996
       744   278.996
       745   278.996
       746   278.996
       747   278.996
       748   278.996
       749   278.996
       750   278.996
       751   278.996
       752   278.996
       753   278.996
       754   278.996
       755   278.996
       756   278.996
       757   278.996
       758   278.996
       759   278.996
       760   278.996
       761   278.996
       762   278.996
       763   278.996
       764   278.996
       765   278.996
       766   278.996
       767   278.996
       768   278.996
       769   278.996
       770   278.996
       771   278.996
       772   278.996
       773   278.996
       774   278.996
       775   278.996
       776   278.996
       777   278.996
       778   278.996
       779   278.996
       780   278.996
       781   278.996
       782   278.996
       783   278.996
       784   278.996
       785   278.996
       786   278.996
       787   278.996
       788   278.996
       789   278.996
       790   278.996
       791   278.996
       792   278.996
       793   278.996
       794   278.996
       795   278.996
       796   278.996
       797   278.996
       798   278.996
       799   278.996
       800   278.996
       801   278.996
       802   278.996
       803   278.996
       804   278.996
       805   278.996
       806   278.996
       807   278.996
       808   278.996
       809   278.996
       810   278.996
       811   278.996
       812   278.996
       813   278.996
       814   278.996
       815   278.996
       816   278.996
       817   278.996
       818   278.996
       819   278.996
       820   278.996
       821   278.996
       822   278.996
       823   278.996
       824   278.996
       825   278.996
       826   278.996
       827   278.996
       828   278.996
       829   278.996
       830   278.996
       831   278.996
       832   278.996
       833   278.996
       834   278.996
       835   278.996
       836   278.996
       837   278.996
       838   278.996
       839   278.996
       840   278.996
       841   278.996
       842   278.996
       843   278.996
       844   278.996
       845   278.996
       846   278.996
       847   278.996
       848   278.996
       849   278.996
       850   278.996
       851   278.996
       852   278.996
       853   278.996
       854   278.996
       855   278.996
       856   278.996
       857   278.996
       858   278.996
       859   278.996
       860   278.996
       861   278.996
       862   278.996
       863   278.996
       864   278.996
       865   278.996
       866   278.996
       867   278.996
       868   278.996
       869   278.996
       870   278.996
       871   278.996
       872   278.996
       873   278.996
       874   278.996
       875   278.996
       876   278.996
       877   278.996
       878   278.996
       879   278.996
       880   278.996
       881   278.996
       882   278.996
       883   278.996
       884   278.996
       885   278.996
       886   278.996
       887   278.996
       888   278.996
       889   278.996
       890   278.996
       891   278.996
       892   278.996
       893   278.996
       894   278.996
       895   278.996
       896   278.996
       897   278.996
       898   278.996
       899   278.996
       900   278.996
       901   278.996
       902   278.996
       903   278.996
       904   278.996
       905   278.996
       906   278.996
       907   278.996
       908   278.996
       909   278.996
       910   278.996
       911   278.996
       912   278.996
       913   278.996
       914   278.996
       915   278.996
       916   278.996
       917   278.996
       918   278.996
       919   278.996
       920   278.996
       921   278.996
       922   278.996
       923   278.996
       924   278.996
       925   278.996
       926   278.996
       927   278.996
       928   278.996
       929   278.996
       930   278.996
       931   278.996
       932   278.996
       933   278.996
       934   278.996
       935   278.996
       936   278.996
       937   278.996
       938   278.996
       939   278.996
       940   278.996
       941   278.996
       942   278.996
       943   278.996
       944   278.996
       945   278.996
       946   278.996
       947   278.996
       948   278.996
       949   278.996
       950   278.996
       951   278.996
       952   278.996
       953   278.996
       954   278.996
       955   278.996
       956   278.996
       957   278.996
       958   278.996
       959   278.996
       960   278.996
       961   278.996
       962   278.996
       963   278.996
       964   278.996
       965   278.996
       966   278.996
       967   278.996
       968   278.996
       969   278.996
       970   278.996
       971   278.996
       972   278.996
       973   278.996
       974   278.996
       975   278.996
       976   278.996
       977   278.996
       978   278.996
       979   278.996
       980   278.996
       981   278.996
       982   278.996
       983   278.996
       984   278.996
       985   278.996
       986   278.996
       987   278.996
       988   278.996
       989   278.996
       990   278.996
       991   278.996
       992   278.996
       993   278.996
       994   278.996
       995   278.996
       996   278.996
       997   278.996
       998   278.996
       999   278.996
