278.368
                 0
                23
                17
                42
                30
                 2
                10
                 1
                46
                36
                 4
                27
                11
                25
                43
                 5
                49
                32
                40
                26
                15
                35
                 3
                24
                12
                14
                22
                48
                21
                37
                33
                44
                18
                28
                20
                38
                 6
                29
                 7
                19
                45
                31
                39
                47
                34
                13
                16
                41
                 9
                 8
