277.979
                 0
                 8
                 9
                39
                31
                45
                19
                 7
                29
                 6
                38
                20
                28
                18
                44
                33
                37
                47
                34
                21
                12
                24
                 3
                23
                17
                42
                35
                30
                 2
                27
                 4
                10
                 1
                46
                36
                11
                25
                43
                 5
                49
                32
                40
                26
                15
                14
                22
                48
                13
                16
                41
