10.1944
                 0
                17
                30
                11
                14
                33
                 8
                13
                 2
                15
                16
                20
                 1
                21
                19
                22
                31
                 3
                 6
                29
                32
                18
                28
                26
                 4
                24
                12
                 5
                27
                10
                23
                 7
                 9
                25
