                 1         0.0174225         0.0174225                 0
                 2         0.0173453         0.0173839       2.72875e-05
                 3         0.0165862          0.017118       0.000217865
                 4         0.0160252         0.0168448       0.000287539
                 5         0.0165984         0.0167955       0.000234218
                 6          0.017532         0.0169183       0.000225061
                 7         0.0168005         0.0169015       0.000193537
                 8         0.0164739          0.016848        0.00017657
                 9         0.0170113         0.0168662        0.00015788
                10         0.0164116         0.0168207       0.000148491
                11         0.0163479         0.0167777       0.000141076
                12         0.0173016         0.0168214       0.000135905
                13         0.0161721         0.0167714       0.000134315
                14         0.0169485         0.0167841       0.000125315
                15         0.0161484         0.0167417        0.00012392
                16         0.0165415         0.0167292       0.000116805
                17         0.0165593         0.0167192       0.000110361
                18         0.0168733         0.0167278       0.000104561
                19         0.0165376         0.0167177       9.95358e-05
                20         0.0162885         0.0166963       9.68447e-05
                21         0.0164561         0.0166848       9.29061e-05
                22         0.0162727         0.0166661       9.05521e-05
                23         0.0166842         0.0166669       8.66184e-05
                24         0.0157056         0.0166268       9.18043e-05
                25         0.0162146         0.0166104       8.96009e-05
                26          0.017745          0.016654       9.61962e-05
                27         0.0159456         0.0166278       9.61445e-05
                28         0.0163581         0.0166181        9.3192e-05
                29         0.0165246         0.0166149       9.00342e-05
                30         0.0169608         0.0166264       8.77683e-05
                31         0.0166545         0.0166273       8.49417e-05
                32         0.0164526         0.0166219       8.24627e-05
                33         0.0165797         0.0166206       7.99737e-05
                34         0.0167699          0.016625        7.7742e-05
                35         0.0172064         0.0166416       7.72753e-05
                36         0.0167425         0.0166444       7.51796e-05
                37         0.0168521           0.01665        7.3357e-05
                38         0.0155774         0.0166218        7.6665e-05
                39         0.0166212         0.0166218       7.46992e-05
                40         0.0166274         0.0166219       7.28318e-05
                41         0.0160231         0.0166073        7.2505e-05
                42         0.0165792         0.0166066       7.07818e-05
                43         0.0166692         0.0166081       6.91506e-05
                44         0.0176488         0.0166318       7.15096e-05
                45         0.0166182         0.0166315       6.99211e-05
                46         0.0160661         0.0166192        6.9473e-05
                47          0.017518         0.0166383       7.05779e-05
                48          0.016521         0.0166358       6.91497e-05
                49         0.0161758         0.0166265        6.8373e-05
                50         0.0155051          0.016604       7.05877e-05
                51         0.0163969            0.0166       6.93203e-05
                52         0.0165863         0.0165997       6.79877e-05
                53         0.0171107         0.0166093       6.73852e-05
                54         0.0167711         0.0166123       6.62038e-05
                55         0.0165088         0.0166105       6.50269e-05
                56          0.016941         0.0166164        6.4133e-05
                57         0.0164658         0.0166137       6.30622e-05
                58         0.0177096         0.0166326       6.47435e-05
                59         0.0162902         0.0166268       6.39057e-05
                60         0.0160384          0.016617       6.35885e-05
                61         0.0164686         0.0166146       6.25926e-05
                62         0.0163262         0.0166099       6.17557e-05
                63         0.0177682         0.0166283       6.34534e-05
                64         0.0169738         0.0166337       6.26911e-05
                65         0.0169923         0.0166392       6.19689e-05
                66         0.0163205         0.0166344       6.12179e-05
                67         0.0169845         0.0166396       6.05267e-05
                68         0.0165733         0.0166386       5.96445e-05
                69         0.0167584         0.0166404       5.88053e-05
                70         0.0172961         0.0166497       5.87066e-05
                71         0.0161214         0.0166423       5.83495e-05
                72         0.0164026          0.016639        5.7634e-05
                73         0.0171652         0.0166462       5.72935e-05
                74         0.0161678         0.0166397       5.68828e-05
                75         0.0169666         0.0166441       5.62911e-05
                76         0.0161996         0.0166382       5.58534e-05
                77         0.0169435         0.0166422       5.52685e-05
                78           0.01622         0.0166368       5.48243e-05
                79         0.0162547         0.0166319       5.43432e-05
                80         0.0159425         0.0166233       5.43429e-05
                81         0.0169131         0.0166269       5.37897e-05
                82         0.0165476         0.0166259       5.31424e-05
                83         0.0171031         0.0166317       5.28122e-05
                84         0.0163742         0.0166286       5.22724e-05
                85         0.0168698         0.0166315       5.17344e-05
                86         0.0166895         0.0166321       5.11373e-05
                87         0.0168269         0.0166344       5.05984e-05
                88         0.0166624         0.0166347       5.00245e-05
                89          0.016856         0.0166372       4.95242e-05
                90         0.0179725          0.016652       5.11481e-05
                91         0.0161201         0.0166462        5.0919e-05
                92         0.0163068         0.0166425        5.0499e-05
                93         0.0165148         0.0166411       4.99746e-05
                94         0.0170648         0.0166456       4.96458e-05
                95         0.0165734         0.0166449        4.9129e-05
                96         0.0171686         0.0166503       4.89192e-05
                97         0.0164302          0.016648       4.84675e-05
                98         0.0164647         0.0166462        4.8009e-05
                99         0.0160546         0.0166402       4.78945e-05
               100         0.0163853         0.0166376       4.74833e-05
               101         0.0168047         0.0166393        4.7042e-05
               102         0.0160144         0.0166332       4.69781e-05
               103         0.0166703         0.0166335       4.65234e-05
               104         0.0169078         0.0166362       4.61507e-05
               105         0.0171091         0.0166407       4.59305e-05
               106         0.0169533         0.0166436       4.55918e-05
               107         0.0164427         0.0166417       4.52043e-05
               108         0.0168266         0.0166435       4.48182e-05
               109         0.0165905          0.016643       4.44096e-05
               110         0.0174468         0.0166503       4.46031e-05
               111         0.0166471         0.0166502       4.42012e-05
               112         0.0168351         0.0166519       4.38374e-05
               113         0.0173243         0.0166578       4.38514e-05
               114         0.0173173         0.0166636       4.38466e-05
               115         0.0165879          0.016663       4.34703e-05
               116         0.0170217         0.0166661       4.32054e-05
               117         0.0167065         0.0166664       4.28375e-05
               118         0.0169038         0.0166684       4.25217e-05
               119         0.0172351         0.0166732       4.24302e-05
               120         0.0173061         0.0166785       4.24031e-05
               121         0.0163631         0.0166759       4.21327e-05
               122         0.0165247         0.0166746       4.18055e-05
               123         0.0171407         0.0166784        4.1637e-05
               124         0.0168923         0.0166801       4.13369e-05
               125         0.0166664           0.01668       4.10064e-05
               126         0.0167456         0.0166805       4.06842e-05
               127         0.0173384         0.0166857       4.06923e-05
               128         0.0161352         0.0166814       4.06011e-05
               129         0.0163073         0.0166785       4.03898e-05
               130         0.0165522         0.0166775       4.00908e-05
               131         0.0168452         0.0166788       3.98052e-05
               132         0.0161721          0.016675       3.96883e-05
               133         0.0162647         0.0166719       3.95096e-05
               134         0.0158457         0.0166657       3.96929e-05
               135         0.0164166         0.0166639       3.94418e-05
               136         0.0168796         0.0166655       3.91837e-05
               137         0.0169761         0.0166677       3.89632e-05
               138         0.0170375         0.0166704       3.87728e-05
               139         0.0160487          0.016666        3.8751e-05
               140         0.0167826         0.0166668       3.84832e-05
               141         0.0161802         0.0166633       3.83646e-05
               142         0.0165752         0.0166627       3.80995e-05
               143         0.0164958         0.0166615       3.78509e-05
               144         0.0165642         0.0166609       3.75941e-05
               145         0.0169737          0.016663       3.73967e-05
               146         0.0164554         0.0166616       3.71676e-05
               147         0.0158007         0.0166558       3.73733e-05
               148         0.0164306         0.0166542       3.71517e-05
               149         0.0184485         0.0166663        3.8805e-05
               150         0.0171099         0.0166692       3.86589e-05
               151         0.0165347         0.0166683       3.84131e-05
               152         0.0169382         0.0166701       3.82014e-05
               153         0.0169378         0.0166719       3.79918e-05
               154         0.0175045         0.0166773       3.81278e-05
               155          0.016097         0.0166735       3.80652e-05
               156         0.0164163         0.0166719       3.78569e-05
               157         0.0159758         0.0166674       3.78745e-05
               158         0.0172918         0.0166714       3.78403e-05
               159         0.0164114         0.0166698       3.76377e-05
               160          0.016227          0.016667        3.7504e-05
               161         0.0161618         0.0166639       3.74021e-05
               162         0.0169116         0.0166654       3.72025e-05
               163         0.0170288         0.0166676        3.7041e-05
               164         0.0175774         0.0166732       3.72282e-05
               165         0.0171806         0.0166762       3.71294e-05
               166         0.0172874         0.0166799       3.70878e-05
               167         0.0167634         0.0166804       3.68691e-05
               168         0.0167755          0.016681        3.6654e-05
               169         0.0171999         0.0166841       3.65655e-05
               170         0.0162099         0.0166813       3.64566e-05
               171         0.0171207         0.0166838       3.63339e-05
               172         0.0168294         0.0166847       3.61325e-05
               173         0.0168833         0.0166858       3.59419e-05
               174         0.0160943         0.0166824       3.58958e-05
               175         0.0160414         0.0166788        3.5877e-05
               176         0.0173157         0.0166824       3.58552e-05
               177         0.0166774         0.0166824       3.56527e-05
               178         0.0170619         0.0166845       3.55161e-05
               179          0.016601          0.016684       3.53207e-05
               180         0.0172028         0.0166869       3.52419e-05
               181         0.0155204         0.0166805       3.56315e-05
               182         0.0162558         0.0166781       3.55121e-05
               183         0.0166286         0.0166779       3.53191e-05
               184         0.0164457         0.0166766       3.51496e-05
               185         0.0166066         0.0166762       3.49617e-05
               186         0.0173054         0.0166796        3.4937e-05
               187         0.0171038         0.0166819       3.48237e-05
               188         0.0158333         0.0166774       3.49298e-05
               189          0.016281         0.0166753       3.48078e-05
               190         0.0168924         0.0166764       3.46434e-05
               191         0.0169383         0.0166778       3.44892e-05
               192         0.0171424         0.0166802       3.43943e-05
               193         0.0168085         0.0166809       3.42225e-05
               194         0.0165719         0.0166803       3.40507e-05
               195         0.0164104         0.0166789       3.39042e-05
               196          0.016655         0.0166788       3.37315e-05
               197         0.0168759         0.0166798       3.35751e-05
               198         0.0174533         0.0166837        3.3632e-05
               199          0.016864         0.0166846       3.34752e-05
               200         0.0174989         0.0166887       3.35545e-05
               201         0.0160186         0.0166853       3.35528e-05
               202           0.01637         0.0166838        3.3423e-05
               203          0.017235         0.0166865       3.33684e-05
               204          0.017003          0.016688       3.32409e-05
               205         0.0171881         0.0166905       3.31682e-05
               206         0.0165148         0.0166896       3.30181e-05
               207         0.0172676         0.0166924       3.29764e-05
               208         0.0176181         0.0166969       3.31168e-05
               209         0.0158725         0.0166929       3.31924e-05
               210         0.0166529         0.0166927       3.30349e-05
               211         0.0166749         0.0166927       3.28785e-05
               212         0.0162442         0.0166905       3.27913e-05
               213         0.0168934         0.0166915       3.26512e-05
               214         0.0173377         0.0166945        3.2638e-05
               215         0.0175454         0.0166985       3.27252e-05
               216         0.0165429         0.0166977       3.25817e-05
               217         0.0173404         0.0167007       3.25658e-05
               218         0.0169794          0.016702       3.24415e-05
               219         0.0175499         0.0167059       3.25236e-05
               220          0.016262         0.0167038       3.24383e-05
               221         0.0156115         0.0166989       3.26659e-05
               222         0.0166106         0.0166985       3.25212e-05
               223         0.0166185         0.0166981       3.23774e-05
               224         0.0166327         0.0166979       3.22341e-05
               225         0.0162203         0.0166957       3.21607e-05
               226          0.016115         0.0166932       3.21209e-05
               227         0.0170539         0.0166947       3.20187e-05
               228         0.0162385         0.0166927       3.19407e-05
               229         0.0173967         0.0166958       3.19488e-05
               230         0.0166633         0.0166957       3.18102e-05
               231         0.0163508         0.0166942       3.17075e-05
               232         0.0174567         0.0166975       3.17407e-05
               233         0.0166784         0.0166974       3.16046e-05
               234         0.0166989         0.0166974       3.14695e-05
               235          0.016594          0.016697       3.13387e-05
               236         0.0165406         0.0166963       3.12129e-05
               237         0.0172345         0.0166986       3.11637e-05
               238         0.0169681         0.0166997       3.10533e-05
               239         0.0164007         0.0166984       3.09486e-05
               240         0.0171349         0.0167003        3.0873e-05
               241         0.0172432         0.0167025        3.0827e-05
               242         0.0173731         0.0167053       3.08239e-05
               243         0.0175539         0.0167088       3.08943e-05
               244          0.016918         0.0167096       3.07796e-05
               245         0.0166269         0.0167093       3.06558e-05
               246         0.0159452         0.0167062       3.06881e-05
               247         0.0177756         0.0167105       3.08678e-05
               248         0.0156154         0.0167061       3.10576e-05
               249         0.0169687         0.0167072       3.09507e-05
               250           0.01733         0.0167097        3.0927e-05
               251         0.0167103         0.0167097       3.08038e-05
               252         0.0166592         0.0167095       3.06822e-05
               253         0.0166463         0.0167092        3.0562e-05
               254         0.0163758         0.0167079       3.04698e-05
               255         0.0170696         0.0167093       3.03833e-05
               256         0.0175713         0.0167127       3.04506e-05
               257         0.0166132         0.0167123       3.03346e-05
               258         0.0166983         0.0167122       3.02171e-05
               259         0.0165125         0.0167115       3.01103e-05
               260         0.0164619         0.0167105       3.00097e-05
               261         0.0170666         0.0167119       2.99258e-05
               262         0.0162311           0.01671       2.98677e-05
               263         0.0160573         0.0167076       2.98571e-05
               264         0.0171145         0.0167091       2.97838e-05
               265         0.0168568         0.0167097       2.96766e-05
               266            0.0162         0.0167077       2.96268e-05
               267          0.016991         0.0167088       2.95349e-05
               268         0.0168426         0.0167093       2.94289e-05
               269           0.01626         0.0167076       2.93668e-05
               270         0.0170975         0.0167091       2.92935e-05
               271         0.0185145         0.0167157       2.99334e-05
               272          0.016826         0.0167161       2.98261e-05
               273         0.0171349         0.0167177       2.97563e-05
               274         0.0176919         0.0167212       2.98593e-05
               275         0.0171168         0.0167227       2.97854e-05
               276         0.0168515         0.0167231       2.96811e-05
               277         0.0168662         0.0167237       2.95785e-05
               278         0.0167546         0.0167238       2.94723e-05
               279         0.0171748         0.0167254       2.94109e-05
               280         0.0173669         0.0167277        2.9395e-05
               281         0.0170133         0.0167287        2.9308e-05
               282          0.016721         0.0167287       2.92041e-05
               283         0.0161763         0.0167267        2.9166e-05
               284          0.017223         0.0167285       2.91156e-05
               285         0.0164662         0.0167275        2.9028e-05
               286         0.0166809         0.0167274        2.8927e-05
               287         0.0160053         0.0167249       2.89354e-05
               288         0.0170634          0.016726       2.88588e-05
               289         0.0168313         0.0167264       2.87612e-05
               290         0.0169093          0.016727        2.8669e-05
               291         0.0168158         0.0167273       2.85721e-05
               292         0.0163461          0.016726        2.8504e-05
               293         0.0162863         0.0167245       2.84462e-05
               294         0.0174577          0.016727       2.84586e-05
               295         0.0172929         0.0167289       2.84267e-05
               296         0.0170259         0.0167299       2.83483e-05
               297         0.0170322          0.016731       2.82711e-05
               298         0.0164821         0.0167301       2.81886e-05
               299         0.0162732         0.0167286       2.81357e-05
               300         0.0163537         0.0167273       2.80697e-05
               301         0.0174419         0.0167297       2.80766e-05
               302          0.016403         0.0167286       2.80045e-05
               303         0.0163413         0.0167274       2.79412e-05
               304         0.0165708         0.0167268       2.78541e-05
               305         0.0165804         0.0167264       2.77669e-05
               306         0.0167629         0.0167265       2.76764e-05
               307         0.0174998          0.016729       2.77006e-05
               308         0.0167772         0.0167292       2.76111e-05
               309         0.0170193         0.0167301       2.75377e-05
               310         0.0171969         0.0167316         2.749e-05
               311         0.0168298         0.0167319       2.74034e-05
               312         0.0172254         0.0167335       2.73612e-05
               313         0.0160403         0.0167313       2.73633e-05
               314         0.0174498         0.0167336       2.73717e-05
               315         0.0168343         0.0167339       2.72866e-05
               316         0.0176211         0.0167367       2.73444e-05
               317         0.0167662         0.0167368       2.72583e-05
               318         0.0163046         0.0167354       2.72064e-05
               319         0.0169615         0.0167361       2.71303e-05
               320         0.0171085         0.0167373       2.70705e-05
               321         0.0170838         0.0167384       2.70077e-05
               322         0.0165148         0.0167377       2.69327e-05
               323         0.0167898         0.0167379       2.68498e-05
               324         0.0172099         0.0167393       2.68065e-05
               325         0.0167675         0.0167394       2.67241e-05
               326         0.0168692         0.0167398       2.66451e-05
               327         0.0165323         0.0167392       2.65712e-05
               328         0.0167218         0.0167391       2.64902e-05
               329         0.0165431         0.0167385       2.64164e-05
               330         0.0169005          0.016739       2.63409e-05
               331          0.017029         0.0167399       2.62759e-05
               332         0.0166098         0.0167395       2.61997e-05
               333          0.016802         0.0167397       2.61217e-05
               334         0.0169417         0.0167403       2.60505e-05
               335         0.0173145          0.016742        2.6029e-05
               336         0.0159737         0.0167397       2.60518e-05
               337         0.0162158         0.0167382       2.60208e-05
               338         0.0172247         0.0167396       2.59836e-05
               339         0.0163846         0.0167385       2.59281e-05
               340         0.0165515          0.016738       2.58577e-05
               341         0.0172036         0.0167394       2.58179e-05
               342         0.0171084         0.0167404       2.57649e-05
               343         0.0166148         0.0167401       2.56924e-05
               344         0.0164939         0.0167394       2.56277e-05
               345         0.0174638         0.0167415       2.56393e-05
               346         0.0156064         0.0167382       2.57742e-05
               347         0.0165474         0.0167376       2.57058e-05
               348         0.0170251         0.0167385       2.56452e-05
               349         0.0170922         0.0167395       2.55917e-05
               350         0.0164374         0.0167386       2.55331e-05
               351          0.017009         0.0167394        2.5472e-05
               352         0.0171378         0.0167405       2.54248e-05
               353         0.0167425         0.0167405       2.53527e-05
               354         0.0177322         0.0167433       2.54354e-05
               355         0.0165393         0.0167427       2.53703e-05
               356         0.0168043         0.0167429       2.52996e-05
               357         0.0162041         0.0167414       2.52737e-05
               358         0.0170199         0.0167422       2.52151e-05
               359         0.0165661         0.0167417       2.51496e-05
               360         0.0166951         0.0167416       2.50801e-05
               361         0.0157166         0.0167387       2.51708e-05
               362         0.0169145         0.0167392       2.51059e-05
               363         0.0170688         0.0167401       2.50532e-05
               364          0.017517         0.0167423       2.50751e-05
               365         0.0169523         0.0167428        2.5013e-05
               366         0.0158308         0.0167403       2.50685e-05
               367         0.0171376         0.0167414       2.50236e-05
               368         0.0172421         0.0167428       2.49925e-05
               369         0.0167777         0.0167429        2.4925e-05
               370         0.0164187          0.016742        2.4873e-05
               371         0.0162439         0.0167407       2.48422e-05
               372         0.0170609         0.0167415       2.47903e-05
               373         0.0166263         0.0167412       2.47258e-05
               374         0.0164927         0.0167405       2.46686e-05
               375         0.0163647         0.0167395       2.46231e-05
               376         0.0165816         0.0167391       2.45612e-05
               377          0.017454          0.016741       2.45692e-05
               378         0.0161586         0.0167395       2.45524e-05
               379          0.016764         0.0167395       2.44877e-05
               380         0.0167145         0.0167395       2.44234e-05
               381         0.0176728         0.0167419       2.44818e-05
               382         0.0170242         0.0167427       2.44289e-05
               383         0.0167241         0.0167426       2.43651e-05
               384         0.0162253         0.0167413       2.43389e-05
               385          0.016778         0.0167414       2.42759e-05
               386         0.0165991          0.016741       2.42158e-05
               387         0.0164979         0.0167404       2.41613e-05
               388         0.0165069         0.0167398       2.41066e-05
               389         0.0162195         0.0167384       2.40817e-05
               390         0.0173969         0.0167401        2.4079e-05
               391         0.0160329         0.0167383       2.40853e-05
               392         0.0163292         0.0167373       2.40464e-05
               393         0.0170752         0.0167381       2.40006e-05
               394         0.0170292         0.0167389       2.39511e-05
               395         0.0167369         0.0167389       2.38904e-05
               396         0.0174496         0.0167406       2.38974e-05
               397         0.0161679         0.0167392       2.38807e-05
               398         0.0168859         0.0167396       2.38236e-05
               399         0.0166326         0.0167393       2.37654e-05
               400         0.0163235         0.0167383       2.37287e-05
               401          0.016328         0.0167372       2.36916e-05
               402         0.0162426          0.016736       2.36646e-05
               403         0.0162976         0.0167349       2.36308e-05
               404         0.0168641         0.0167352       2.35745e-05
               405         0.0159161         0.0167332       2.36029e-05
               406         0.0164382         0.0167325       2.35559e-05
               407         0.0169536          0.016733       2.35043e-05
               408         0.0166746         0.0167329       2.34472e-05
               409         0.0175109         0.0167348       2.34669e-05
               410         0.0161369         0.0167333       2.34549e-05
               411         0.0171221         0.0167343       2.34169e-05
               412         0.0175916         0.0167364       2.34523e-05
               413         0.0166998         0.0167363       2.33957e-05
               414         0.0166356          0.016736       2.33405e-05
               415         0.0170254         0.0167367       2.32946e-05
               416         0.0166344         0.0167365       2.32399e-05
               417         0.0169867         0.0167371        2.3192e-05
               418          0.016906         0.0167375         2.314e-05
               419         0.0159563         0.0167356       2.31597e-05
               420         0.0166724         0.0167355       2.31051e-05
               421         0.0159864         0.0167337       2.31186e-05
               422         0.0167296         0.0167337       2.30638e-05
               423         0.0170407         0.0167344       2.30207e-05
               424         0.0168476         0.0167347        2.2968e-05
               425         0.0167346         0.0167347       2.29139e-05
               426         0.0172518         0.0167359       2.28923e-05
               427          0.017172         0.0167369       2.28614e-05
               428         0.0170623         0.0167377       2.28207e-05
               429         0.0158403         0.0167356       2.28631e-05
               430         0.0169096          0.016736       2.28136e-05
               431         0.0167995         0.0167361       2.27611e-05
               432         0.0168299         0.0167364       2.27095e-05
               433         0.0175132         0.0167381       2.27278e-05
               434         0.0167346         0.0167381       2.26754e-05
               435         0.0165287         0.0167377       2.26284e-05
               436         0.0170398         0.0167383       2.25871e-05
               437         0.0162436         0.0167372       2.25638e-05
               438         0.0168908         0.0167376        2.2515e-05
               439          0.016607         0.0167373       2.24656e-05
               440         0.0166813         0.0167371       2.24149e-05
               441         0.0168956         0.0167375        2.2367e-05
               442         0.0171953         0.0167385       2.23404e-05
               443         0.0175348         0.0167403       2.23621e-05
               444          0.017758         0.0167426       2.24289e-05
               445         0.0167045         0.0167425       2.23787e-05
               446         0.0160253         0.0167409       2.23862e-05
               447         0.0169039         0.0167413       2.23391e-05
               448         0.0164803         0.0167407       2.22968e-05
               449         0.0173026          0.016742       2.22822e-05
               450         0.0172209          0.016743       2.22581e-05
               451         0.0170816         0.0167438       2.22214e-05
               452         0.0160088         0.0167422       2.22317e-05
               453         0.0166262         0.0167419       2.21841e-05
               454         0.0161566         0.0167406       2.21727e-05
               455          0.016594         0.0167403       2.21263e-05
               456         0.0164649         0.0167397        2.2086e-05
               457         0.0169769         0.0167402       2.20438e-05
               458         0.0172285         0.0167413       2.20214e-05
               459         0.0173892         0.0167427       2.20186e-05
               460         0.0160111         0.0167411       2.20281e-05
               461         0.0166694         0.0167409       2.19809e-05
               462         0.0165324         0.0167405       2.19379e-05
               463         0.0171056         0.0167413       2.19047e-05
               464         0.0163815         0.0167405       2.18712e-05
               465         0.0170452         0.0167412        2.1834e-05
               466         0.0172071         0.0167422         2.181e-05
               467         0.0162399         0.0167411       2.17898e-05
               468         0.0162743         0.0167401       2.17661e-05
               469         0.0178682         0.0167425       2.18522e-05
               470         0.0174198         0.0167439       2.18532e-05
               471         0.0162599         0.0167429       2.18309e-05
               472         0.0167007         0.0167428       2.17848e-05
               473           0.01625         0.0167418       2.17637e-05
               474         0.0171829         0.0167427       2.17377e-05
               475          0.016719         0.0167426       2.16919e-05
               476         0.0164642         0.0167421       2.16543e-05
               477         0.0165444         0.0167416       2.16128e-05
               478         0.0161726         0.0167405       2.16004e-05
               479         0.0167345         0.0167404       2.15553e-05
               480         0.0178806         0.0167428       2.16409e-05
               481         0.0166259         0.0167426       2.15972e-05
               482         0.0167209         0.0167425       2.15525e-05
               483         0.0164863          0.016742       2.15144e-05
               484         0.0171072         0.0167428       2.14831e-05
               485         0.0160969         0.0167414       2.14801e-05
               486         0.0170355          0.016742       2.14444e-05
               487         0.0171483         0.0167429       2.14166e-05
               488         0.0162914         0.0167419       2.13927e-05
               489         0.0159831         0.0167404       2.14051e-05
               490         0.0172225         0.0167414       2.13841e-05
               491         0.0173149         0.0167425       2.13724e-05
               492         0.0159733          0.016741       2.13861e-05
               493         0.0160998         0.0167397       2.13822e-05
               494         0.0167465         0.0167397       2.13389e-05
               495         0.0168867           0.01674       2.12979e-05
               496         0.0176897         0.0167419       2.13408e-05
               497          0.015906         0.0167402       2.13641e-05
               498         0.0168153         0.0167404       2.13217e-05
               499         0.0161823         0.0167393       2.13083e-05
               500         0.0172815         0.0167403       2.12933e-05
               501         0.0153504         0.0167376       2.14307e-05
               502          0.016832         0.0167377       2.13889e-05
               503         0.0164572         0.0167372       2.13536e-05
               504         0.0166862         0.0167371       2.13115e-05
               505         0.0168879         0.0167374       2.12714e-05
               506         0.0173228         0.0167385       2.12608e-05
               507          0.016991          0.016739       2.12247e-05
               508         0.0169329         0.0167394       2.11863e-05
               509         0.0162693         0.0167385       2.11648e-05
               510         0.0174794           0.01674       2.11731e-05
               511         0.0177063         0.0167418        2.1216e-05
               512          0.016869         0.0167421        2.1176e-05
               513         0.0160099         0.0167407       2.11828e-05
               514          0.016398           0.01674        2.1152e-05
               515           0.01703         0.0167406       2.11185e-05
               516         0.0168563         0.0167408       2.10787e-05
               517         0.0163166           0.01674       2.10539e-05
               518         0.0164969         0.0167395       2.10185e-05
               519         0.0168922         0.0167398       2.09801e-05
               520         0.0164103         0.0167392       2.09493e-05
               521         0.0156461         0.0167371       2.10139e-05
               522         0.0159056         0.0167355       2.10339e-05
               523         0.0165763         0.0167352       2.09959e-05
               524         0.0177139          0.016737       2.10387e-05
               525         0.0163748         0.0167363         2.101e-05
               526         0.0170024         0.0167368       2.09761e-05
               527         0.0165478         0.0167365       2.09394e-05
               528         0.0171705         0.0167373       2.09158e-05
               529         0.0158402         0.0167356       2.09449e-05
               530         0.0166246         0.0167354       2.09065e-05
               531         0.0176086          0.016737       2.09317e-05
               532         0.0170862         0.0167377       2.09026e-05
               533         0.0164492         0.0167372       2.08704e-05
               534         0.0164189         0.0167366       2.08398e-05
               535         0.0161903         0.0167355       2.08259e-05
               536         0.0173447         0.0167367        2.0818e-05
               537         0.0173382         0.0167378       2.08093e-05
               538         0.0162899          0.016737       2.07873e-05
               539         0.0175915         0.0167386       2.08091e-05
               540          0.017171         0.0167394        2.0786e-05
               541         0.0169033         0.0167397       2.07498e-05
               542         0.0165362         0.0167393       2.07149e-05
               543         0.0168177         0.0167394       2.06772e-05
               544         0.0173315         0.0167405       2.06679e-05
               545         0.0162857         0.0167397       2.06468e-05
               546         0.0165778         0.0167394       2.06111e-05
               547         0.0173823         0.0167406       2.06069e-05
               548         0.0158958          0.016739       2.06269e-05
               549         0.0161769          0.016738       2.06147e-05
               550         0.0167368          0.016738       2.05772e-05
               551         0.0162249         0.0167371       2.05609e-05
               552         0.0166527         0.0167369       2.05242e-05
               553         0.0162736         0.0167361       2.05042e-05
               554         0.0171179         0.0167368       2.04788e-05
               555          0.016636         0.0167366       2.04427e-05
               556         0.0165035         0.0167362       2.04102e-05
               557         0.0161545         0.0167351       2.04003e-05
               558         0.0168842         0.0167354       2.03655e-05
               559         0.0167778         0.0167355       2.03292e-05
               560         0.0173045         0.0167365       2.03183e-05
               561         0.0162214         0.0167356       2.03028e-05
               562         0.0159056         0.0167341       2.03203e-05
               563         0.0155688          0.016732       2.03893e-05
               564          0.016785         0.0167321       2.03534e-05
               565         0.0161753         0.0167311       2.03412e-05
               566         0.0176502         0.0167327         2.037e-05
               567         0.0168382         0.0167329       2.03349e-05
               568         0.0167859          0.016733       2.02993e-05
               569         0.0162541         0.0167322       2.02811e-05
               570         0.0164712         0.0167317       2.02507e-05
               571         0.0165767         0.0167315        2.0217e-05
               572           0.01639         0.0167309       2.01905e-05
               573         0.0173712          0.016732       2.01862e-05
               574         0.0174018         0.0167331       2.01847e-05
               575         0.0166892         0.0167331       2.01498e-05
               576         0.0166118         0.0167329       2.01159e-05
               577         0.0179515          0.016735       2.01916e-05
               578         0.0167697          0.016735       2.01567e-05
               579         0.0159862         0.0167337       2.01634e-05
               580         0.0159245         0.0167323       2.01768e-05
               581         0.0178844         0.0167343       2.02393e-05
               582         0.0166948         0.0167343       2.02046e-05
               583         0.0164677         0.0167338       2.01752e-05
               584         0.0167868         0.0167339       2.01408e-05
               585         0.0168075          0.016734       2.01068e-05
               586          0.017565         0.0167354       2.01224e-05
               587         0.0173825         0.0167365       2.01183e-05
               588         0.0169185         0.0167368       2.00865e-05
               589          0.017072         0.0167374       2.00604e-05
               590         0.0158551         0.0167359       2.00821e-05
               591         0.0165206         0.0167356       2.00514e-05
               592         0.0161025         0.0167345        2.0046e-05
               593         0.0175452         0.0167358       2.00588e-05
               594         0.0168412          0.016736       2.00258e-05
               595         0.0169372         0.0167364        1.9995e-05
               596         0.0166613         0.0167362       1.99619e-05
               597         0.0165308         0.0167359       1.99314e-05
               598         0.0166079         0.0167357       1.98992e-05
               599         0.0158297         0.0167342       1.99234e-05
               600         0.0174228         0.0167353       1.99232e-05
               601         0.0163305         0.0167346       1.99014e-05
               602         0.0168311         0.0167348        1.9869e-05
               603         0.0162407          0.016734        1.9853e-05
               604          0.017174         0.0167347       1.98335e-05
               605         0.0160359         0.0167336       1.98343e-05
               606         0.0168011         0.0167337       1.98019e-05
               607         0.0169248          0.016734       1.97717e-05
               608         0.0160563         0.0167329       1.97706e-05
               609         0.0171154         0.0167335       1.97481e-05
               610         0.0164859         0.0167331       1.97199e-05
               611         0.0166137         0.0167329       1.96886e-05
               612         0.0166265         0.0167327       1.96572e-05
               613         0.0171407         0.0167334       1.96364e-05
               614         0.0164172         0.0167329       1.96112e-05
               615         0.0163325         0.0167322       1.95901e-05
               616         0.0158648         0.0167308       1.96088e-05
               617         0.0155838          0.016729        1.9665e-05
               618         0.0162371         0.0167282       1.96493e-05
               619         0.0170779         0.0167287       1.96257e-05
               620         0.0162652          0.016728       1.96082e-05
               621         0.0169305         0.0167283       1.95794e-05
               622         0.0173214         0.0167293       1.95711e-05
               623         0.0170432         0.0167298       1.95462e-05
               624          0.017038         0.0167303       1.95211e-05
               625         0.0160198         0.0167291       1.95229e-05
               626         0.0171747         0.0167298       1.95047e-05
               627         0.0163847         0.0167293       1.94814e-05
               628         0.0168297         0.0167294        1.9451e-05
               629         0.0164489          0.016729       1.94252e-05
               630         0.0174819         0.0167302       1.94311e-05
               631         0.0163416         0.0167296         1.941e-05
               632         0.0166864         0.0167295       1.93795e-05
               633         0.0164245          0.016729       1.93548e-05
               634         0.0169597         0.0167294       1.93277e-05
               635         0.0173821         0.0167304       1.93246e-05
               636         0.0161768         0.0167295       1.93138e-05
               637         0.0164928         0.0167292       1.92871e-05
               638         0.0172543           0.01673       1.92744e-05
               639         0.0162681         0.0167293       1.92578e-05
               640         0.0170358         0.0167297       1.92336e-05
               641         0.0171783         0.0167304       1.92164e-05
               642         0.0168338         0.0167306       1.91871e-05
               643          0.016958          0.016731       1.91605e-05
               644         0.0166407         0.0167308       1.91313e-05
               645         0.0162002           0.01673       1.91193e-05
               646         0.0180376          0.016732       1.91966e-05
               647         0.0172673         0.0167329       1.91847e-05
               648         0.0167091         0.0167328       1.91551e-05
               649          0.016284         0.0167321       1.91381e-05
               650         0.0167311         0.0167321       1.91087e-05
               651         0.0170541         0.0167326       1.90857e-05
               652         0.0169018         0.0167329       1.90582e-05
               653         0.0175551         0.0167341       1.90706e-05
               654          0.017423         0.0167352       1.90705e-05
               655         0.0171675         0.0167358       1.90528e-05
               656         0.0160611         0.0167348       1.90515e-05
               657         0.0159787         0.0167337       1.90572e-05
               658          0.017198         0.0167344       1.90413e-05
               659         0.0162836         0.0167337       1.90247e-05
               660         0.0165656         0.0167334       1.89976e-05
               661         0.0165802         0.0167332       1.89702e-05
               662         0.0163384         0.0167326       1.89509e-05
               663         0.0164213         0.0167321       1.89282e-05
               664         0.0159729          0.016731       1.89342e-05
               665          0.015471         0.0167291       1.90003e-05
               666         0.0162669         0.0167284       1.89844e-05
               667          0.016368         0.0167279       1.89636e-05
               668         0.0161304          0.016727       1.89563e-05
               669         0.0169094         0.0167272       1.89299e-05
               670          0.017054         0.0167277        1.8908e-05
               671         0.0175261         0.0167289       1.89172e-05
               672         0.0172134         0.0167296       1.89028e-05
               673         0.0167909         0.0167297       1.88749e-05
               674         0.0167902         0.0167298       1.88471e-05
               675         0.0165592         0.0167296       1.88209e-05
               676         0.0167982         0.0167297       1.87933e-05
               677         0.0163274         0.0167291        1.8775e-05
               678         0.0164526         0.0167287       1.87517e-05
               679         0.0166112         0.0167285       1.87249e-05
               680         0.0163414         0.0167279        1.8706e-05
               681         0.0170042         0.0167283       1.86829e-05
               682         0.0164023         0.0167279       1.86617e-05
               683         0.0175239          0.016729       1.86707e-05
               684         0.0178029         0.0167306       1.87093e-05
               685         0.0161557         0.0167298       1.87008e-05
               686         0.0170255         0.0167302       1.86785e-05
               687         0.0169648         0.0167305       1.86544e-05
               688         0.0168619         0.0167307       1.86283e-05
               689         0.0164431         0.0167303       1.86059e-05
               690         0.0167958         0.0167304       1.85792e-05
               691         0.0166769         0.0167303       1.85525e-05
               692         0.0170972         0.0167308       1.85333e-05
               693         0.0165596         0.0167306       1.85082e-05
               694         0.0167769         0.0167307       1.84816e-05
               695         0.0163966         0.0167302       1.84613e-05
               696         0.0175526         0.0167314       1.84725e-05
               697         0.0168131         0.0167315       1.84464e-05
               698         0.0169317         0.0167318       1.84222e-05
               699         0.0165911         0.0167316       1.83969e-05
               700         0.0164026         0.0167311       1.83767e-05
               701         0.0174531         0.0167321       1.83793e-05
               702         0.0169861         0.0167325       1.83567e-05
               703         0.0161218         0.0167316       1.83511e-05
               704         0.0176141         0.0167329       1.83678e-05
               705         0.0170316         0.0167333       1.83466e-05
               706         0.0164991          0.016733       1.83236e-05
               707         0.0162019         0.0167322       1.83131e-05
               708         0.0164916         0.0167319       1.82904e-05
               709         0.0160015         0.0167308       1.82936e-05
               710         0.0161205           0.01673        1.8288e-05
               711         0.0170466         0.0167304       1.82677e-05
               712         0.0168337         0.0167306       1.82426e-05
               713         0.0165149         0.0167303       1.82195e-05
               714         0.0164753         0.0167299       1.81975e-05
               715           0.01694         0.0167302       1.81744e-05
               716         0.0167343         0.0167302       1.81491e-05
               717         0.0181023         0.0167321       1.82244e-05
               718         0.0167773         0.0167322       1.81991e-05
               719          0.016246         0.0167315       1.81863e-05
               720         0.0169437         0.0167318       1.81635e-05
               721          0.017464         0.0167328       1.81666e-05
               722         0.0166007         0.0167326       1.81424e-05
               723         0.0164189         0.0167322       1.81225e-05
               724         0.0173199          0.016733       1.81156e-05
               725         0.0162746         0.0167324       1.81017e-05
               726         0.0169839         0.0167327       1.80801e-05
               727         0.0161554         0.0167319       1.80726e-05
               728         0.0164091         0.0167315       1.80532e-05
               729          0.015813         0.0167302       1.80724e-05
               730         0.0163582         0.0167297       1.80548e-05
               731         0.0168816         0.0167299       1.80313e-05
               732         0.0167838           0.01673       1.80068e-05
               733          0.017233         0.0167307       1.79953e-05
               734         0.0167417         0.0167307       1.79708e-05
               735         0.0157722         0.0167294       1.79936e-05
               736          0.016547         0.0167292       1.79709e-05
               737         0.0164639         0.0167288       1.79501e-05
               738         0.0174134         0.0167297       1.79497e-05
               739         0.0170936         0.0167302       1.79322e-05
               740         0.0165495           0.01673       1.79096e-05
               741         0.0171619         0.0167306       1.78949e-05
               742         0.0170953          0.016731       1.78776e-05
               743         0.0161503         0.0167303       1.78706e-05
               744         0.0172542          0.016731       1.78604e-05
               745         0.0166204         0.0167308       1.78371e-05
               746         0.0170077         0.0167312        1.7817e-05
               747         0.0170306         0.0167316       1.77977e-05
               748         0.0164971         0.0167313       1.77767e-05
               749         0.0165766         0.0167311       1.77541e-05
               750         0.0163101         0.0167305       1.77393e-05
               751         0.0163641           0.01673       1.77224e-05
               752         0.0157804         0.0167288       1.77438e-05
               753         0.0159242         0.0167277       1.77523e-05
               754         0.0165548         0.0167275       1.77303e-05
               755         0.0169022         0.0167277       1.77083e-05
               756         0.0159427         0.0167267       1.77153e-05
               757         0.0162338          0.016726       1.77039e-05
               758         0.0171254         0.0167265       1.76883e-05
               759         0.0168598         0.0167267       1.76659e-05
               760         0.0164373         0.0167263       1.76468e-05
               761         0.0169161         0.0167266       1.76253e-05
               762         0.0160945         0.0167257       1.76217e-05
               763         0.0164095         0.0167253       1.76035e-05
               764          0.016968         0.0167257       1.75833e-05
               765         0.0165809         0.0167255       1.75614e-05
               766         0.0164169         0.0167251        1.7543e-05
               767         0.0165886         0.0167249       1.75211e-05
               768         0.0164173         0.0167245       1.75028e-05
               769          0.016755         0.0167245       1.74801e-05
               770          0.016815         0.0167246       1.74578e-05
               771         0.0168881         0.0167249       1.74365e-05
               772         0.0171149         0.0167254       1.74212e-05
               773         0.0166747         0.0167253       1.73988e-05
               774         0.0168561         0.0167255       1.73771e-05
               775         0.0169715         0.0167258       1.73576e-05
               776         0.0173111         0.0167265       1.73516e-05
               777         0.0169984         0.0167269       1.73328e-05
               778         0.0165587         0.0167267       1.73119e-05
               779         0.0168989         0.0167269       1.72911e-05
               780         0.0164558         0.0167265       1.72724e-05
               781         0.0163064          0.016726       1.72586e-05
               782         0.0168074         0.0167261       1.72369e-05
               783         0.0160107         0.0167252       1.72391e-05
               784           0.01778         0.0167265       1.72695e-05
               785         0.0163339          0.016726       1.72548e-05
               786         0.0166234         0.0167259       1.72333e-05
               787         0.0163788         0.0167255        1.7217e-05
               788         0.0181169         0.0167272       1.72855e-05
               789          0.016648         0.0167271       1.72639e-05
               790         0.0167675         0.0167272       1.72421e-05
               791         0.0169716         0.0167275       1.72231e-05
               792         0.0169551         0.0167278       1.72037e-05
               793         0.0175073         0.0167288       1.72101e-05
               794         0.0172621         0.0167294       1.72015e-05
               795         0.0174917         0.0167304       1.72066e-05
               796         0.0171222         0.0167309        1.7192e-05
               797         0.0156834         0.0167296       1.72206e-05
               798         0.0167031         0.0167295       1.71991e-05
               799         0.0160459         0.0167287       1.71988e-05
               800         0.0161916          0.016728       1.71904e-05
               801         0.0162967         0.0167275       1.71774e-05
               802         0.0166917         0.0167274        1.7156e-05
               803         0.0167637         0.0167275       1.71347e-05
               804         0.0163073         0.0167269       1.71214e-05
               805         0.0164957         0.0167267       1.71025e-05
               806         0.0162466         0.0167261       1.70916e-05
               807         0.0168535         0.0167262       1.70712e-05
               808         0.0161337         0.0167255       1.70658e-05
               809         0.0166687         0.0167254       1.70449e-05
               810         0.0173722         0.0167262       1.70425e-05
               811         0.0169145         0.0167265       1.70231e-05
               812         0.0164567         0.0167261       1.70054e-05
               813         0.0167283         0.0167261       1.69844e-05
               814         0.0161519         0.0167254       1.69782e-05
               815         0.0160399         0.0167246       1.69782e-05
               816         0.0168463         0.0167247       1.69581e-05
               817         0.0160582         0.0167239       1.69569e-05
               818         0.0168748         0.0167241       1.69372e-05
               819          0.016462         0.0167238       1.69195e-05
               820         0.0165753         0.0167236       1.68999e-05
               821         0.0156912         0.0167223        1.6926e-05
               822         0.0166385         0.0167222       1.69057e-05
               823         0.0162922         0.0167217       1.68932e-05
               824          0.016759         0.0167218       1.68728e-05
               825         0.0172858         0.0167224       1.68662e-05
               826          0.017037         0.0167228       1.68501e-05
               827         0.0163423         0.0167224        1.6836e-05
               828         0.0169609         0.0167226       1.68181e-05
               829         0.0167703         0.0167227       1.67979e-05
               830         0.0165405         0.0167225       1.67791e-05
               831         0.0159809         0.0167216       1.67826e-05
               832         0.0166486         0.0167215       1.67627e-05
               833         0.0162839          0.016721       1.67508e-05
               834         0.0170132         0.0167213       1.67344e-05
               835         0.0167741         0.0167214       1.67145e-05
               836         0.0167303         0.0167214       1.66945e-05
               837          0.015918         0.0167204       1.67021e-05
               838         0.0160667         0.0167197       1.67004e-05
               839         0.0168483         0.0167198       1.66812e-05
               840         0.0177359          0.016721       1.67051e-05
               841         0.0160357         0.0167202       1.67051e-05
               842         0.0165552           0.01672       1.66864e-05
               843         0.0174763         0.0167209       1.66907e-05
               844         0.0166446         0.0167208       1.66712e-05
               845         0.0169453         0.0167211       1.66536e-05
               846         0.0167404         0.0167211       1.66339e-05
               847         0.0165014         0.0167209       1.66163e-05
               848         0.0179208         0.0167223       1.66568e-05
               849         0.0164253         0.0167219       1.66409e-05
               850         0.0163205         0.0167214        1.6628e-05
               851         0.0165605         0.0167213       1.66096e-05
               852         0.0170266         0.0167216       1.65939e-05
               853         0.0169805         0.0167219       1.65772e-05
               854         0.0169376         0.0167222       1.65598e-05
               855         0.0162488         0.0167216       1.65496e-05
               856         0.0166571         0.0167215       1.65305e-05
               857         0.0172435         0.0167221       1.65224e-05
               858         0.0166874         0.0167221       1.65032e-05
               859         0.0161829         0.0167215       1.64959e-05
               860         0.0170074         0.0167218       1.64801e-05
               861         0.0168569          0.016722       1.64617e-05
               862         0.0160723         0.0167212       1.64598e-05
               863         0.0173602          0.016722       1.64574e-05
               864         0.0168927         0.0167222       1.64396e-05
               865          0.016348         0.0167217       1.64262e-05
               866         0.0170435         0.0167221       1.64115e-05
               867         0.0167448         0.0167221       1.63926e-05
               868         0.0166278          0.016722        1.6374e-05
               869         0.0170868         0.0167224       1.63606e-05
               870         0.0164137         0.0167221       1.63456e-05
               871         0.0165384         0.0167219       1.63282e-05
               872          0.016484         0.0167216       1.63118e-05
               873         0.0175336         0.0167225       1.63196e-05
               874         0.0170093         0.0167229       1.63042e-05
               875         0.0162497         0.0167223       1.62945e-05
               876         0.0175013         0.0167232       1.63002e-05
               877         0.0161726         0.0167226       1.62937e-05
               878         0.0165755         0.0167224        1.6276e-05
               879         0.0168386         0.0167225        1.6258e-05
               880         0.0175682         0.0167235       1.62679e-05
               881         0.0163396         0.0167231       1.62553e-05
               882         0.0163499         0.0167226       1.62423e-05
               883         0.0166466         0.0167226       1.62242e-05
               884         0.0164949         0.0167223       1.62079e-05
               885         0.0159275         0.0167214       1.62144e-05
               886         0.0169203         0.0167216       1.61977e-05
               887         0.0170346          0.016722       1.61833e-05
               888         0.0167177          0.016722        1.6165e-05
               889         0.0165771         0.0167218       1.61477e-05
               890         0.0174899         0.0167227       1.61526e-05
               891         0.0172229         0.0167232       1.61442e-05
               892         0.0165513          0.016723       1.61272e-05
               893         0.0167409         0.0167231       1.61092e-05
               894         0.0160861         0.0167223       1.61069e-05
               895         0.0168723         0.0167225       1.60898e-05
               896         0.0168617         0.0167227       1.60726e-05
               897         0.0167483         0.0167227       1.60547e-05
               898         0.0162382         0.0167222       1.60459e-05
               899         0.0164295         0.0167218       1.60313e-05
               900          0.017196         0.0167224       1.60222e-05
               901         0.0160746         0.0167216       1.60205e-05
               902         0.0170933         0.0167221       1.60081e-05
               903         0.0171556         0.0167225       1.59975e-05
               904          0.016417         0.0167222       1.59834e-05
               905         0.0168967         0.0167224       1.59669e-05
               906         0.0168519         0.0167225       1.59499e-05
               907         0.0166394         0.0167224       1.59326e-05
               908         0.0161961         0.0167219       1.59256e-05
               909         0.0172752         0.0167225       1.59197e-05
               910         0.0160576         0.0167217        1.5919e-05
               911         0.0169507          0.016722       1.59035e-05
               912         0.0167232          0.016722        1.5886e-05
               913         0.0169845         0.0167223       1.58712e-05
               914         0.0166138         0.0167222       1.58543e-05
               915         0.0164358         0.0167218       1.58401e-05
               916         0.0168448          0.016722       1.58234e-05
               917         0.0166713         0.0167219       1.58062e-05
               918         0.0176664          0.016723       1.58224e-05
               919         0.0174491         0.0167237       1.58249e-05
               920         0.0174834         0.0167246       1.58292e-05
               921         0.0162204          0.016724       1.58215e-05
               922         0.0160654         0.0167233       1.58205e-05
               923         0.0171076         0.0167237       1.58088e-05
               924         0.0173014         0.0167243       1.58041e-05
               925         0.0168928         0.0167245        1.5788e-05
               926         0.0174298         0.0167253       1.57893e-05
               927         0.0166032         0.0167252       1.57729e-05
               928         0.0167275         0.0167252       1.57559e-05
               929          0.016348         0.0167248       1.57441e-05
               930         0.0166499         0.0167247       1.57274e-05
               931         0.0163691         0.0167243       1.57152e-05
               932         0.0168979         0.0167245       1.56994e-05
               933          0.017093         0.0167249       1.56875e-05
               934         0.0166644         0.0167248       1.56709e-05
               935         0.0169191          0.016725       1.56555e-05
               936         0.0166117         0.0167249       1.56392e-05
               937         0.0170946         0.0167253       1.56275e-05
               938         0.0169185         0.0167255       1.56122e-05
               939         0.0169481         0.0167257       1.55974e-05
               940         0.0166249         0.0167256       1.55812e-05
               941         0.0167773         0.0167257       1.55647e-05
               942         0.0174645         0.0167265       1.55679e-05
               943         0.0173743         0.0167272       1.55666e-05
               944         0.0164668         0.0167269       1.55525e-05
               945         0.0173274         0.0167275        1.5549e-05
               946         0.0161978          0.016727       1.55427e-05
               947         0.0167768          0.016727       1.55264e-05
               948         0.0165111         0.0167268       1.55116e-05
               949         0.0167988         0.0167269       1.54955e-05
               950         0.0163165         0.0167264       1.54852e-05
               951         0.0170602         0.0167268       1.54729e-05
               952         0.0171307         0.0167272       1.54625e-05
               953         0.0158019         0.0167262       1.54767e-05
               954         0.0164015         0.0167259       1.54642e-05
               955          0.016045         0.0167252       1.54644e-05
               956         0.0164071         0.0167248       1.54518e-05
               957         0.0160439         0.0167241       1.54521e-05
               958         0.0175077         0.0167249       1.54576e-05
               959         0.0176634         0.0167259       1.54724e-05
               960         0.0177252          0.016727       1.54913e-05
               961          0.016911         0.0167272       1.54763e-05
               962         0.0172425         0.0167277       1.54695e-05
               963         0.0168911         0.0167279       1.54544e-05
               964         0.0166303         0.0167278       1.54387e-05
               965         0.0169277          0.016728       1.54241e-05
               966         0.0161716         0.0167274       1.54188e-05
               967         0.0168639         0.0167275       1.54035e-05
               968         0.0162352          0.016727        1.5396e-05
               969         0.0160764         0.0167264       1.53948e-05
               970         0.0164778         0.0167261        1.5381e-05
               971         0.0164319         0.0167258       1.53682e-05
               972         0.0160074         0.0167251       1.53701e-05
               973         0.0162393         0.0167246       1.53624e-05
               974         0.0167626         0.0167246       1.53467e-05
               975         0.0166878         0.0167246        1.5331e-05
               976         0.0172416         0.0167251       1.53245e-05
               977         0.0171457         0.0167255       1.53148e-05
               978         0.0160933         0.0167249       1.53128e-05
               979          0.016668         0.0167248       1.52973e-05
               980         0.0165159         0.0167246       1.52831e-05
               981         0.0176274         0.0167255       1.52952e-05
               982          0.017048         0.0167259       1.52832e-05
               983         0.0173537         0.0167265        1.5281e-05
               984         0.0165539         0.0167263       1.52665e-05
               985         0.0162807         0.0167259       1.52577e-05
               986         0.0157662         0.0167249       1.52732e-05
               987         0.0167894          0.016725       1.52579e-05
               988         0.0169122         0.0167251       1.52436e-05
               989         0.0163097         0.0167247        1.5234e-05
               990         0.0168118         0.0167248       1.52188e-05
               991         0.0169793         0.0167251       1.52057e-05
               992         0.0170193         0.0167254       1.51932e-05
               993          0.016291         0.0167249       1.51842e-05
               994         0.0167506          0.016725        1.5169e-05
               995         0.0165111         0.0167247       1.51552e-05
               996          0.017032          0.016725       1.51432e-05
               997         0.0167658         0.0167251        1.5128e-05
               998         0.0169038         0.0167253       1.51139e-05
               999         0.0164231          0.016725       1.51018e-05
              1000         0.0179846         0.0167262       1.51392e-05
