                 1           1.00915           1.00915                 0
                 2          0.989079          0.999113        0.00709456
                 3           1.01534           1.00452        0.00647153
                 4          0.969258          0.995706        0.00904716
                 5          0.982971          0.993159        0.00758782
                 6           1.00334          0.994856        0.00651019
                 7          0.993536          0.994667        0.00558289
                 8           1.00106          0.995467        0.00494189
                 9          0.996251          0.995554        0.00439356
                10          0.974124          0.993411        0.00444621
                11          0.972372          0.991498        0.00443436
                12          0.993683           0.99168        0.00406856
                13            1.0096          0.993058        0.00398219
                14             1.009          0.994197         0.0038571
                15           1.01888          0.995843        0.00393544
                16           1.01861          0.997266        0.00393836
                17           1.00358          0.997637        0.00372417
                18          0.987282          0.997062        0.00356143
                19           1.00138          0.997289        0.00338122
                20          0.993161          0.997083        0.00321845
                21           1.02307           0.99832        0.00329452
                22          0.995604          0.998197        0.00314708
                23          0.981188          0.997457        0.00309592
                24          0.975499          0.996542        0.00309916
                25          0.986173          0.996128        0.00300282
                26           1.00406          0.996433        0.00290278
                27          0.967261          0.995352        0.00298958
                28           1.00985           0.99587        0.00292729
                29          0.989886          0.995663        0.00283361
                30           1.01656           0.99636        0.00282345
                31          0.975413          0.995684        0.00281206
                32          0.990728          0.995529        0.00272845
                33          0.999367          0.995646        0.00264825
                34           1.00138          0.995814        0.00257572
                35           1.00009          0.995936        0.00250502
                36            1.0042          0.996166        0.00244594
                37           1.02367          0.996909        0.00249022
                38           1.03065          0.997797        0.00257817
                39           1.00084          0.997875        0.00251325
                40           1.01511          0.998306        0.00248707
                41           1.00819          0.998547        0.00243806
                42          0.975101          0.997989        0.00244309
                43           1.01012          0.998271         0.0024025
                44          0.989273          0.998067        0.00235659
                45           0.99244          0.997942        0.00230753
                46           1.00522            0.9981        0.00226278
                47           1.00755          0.998301        0.00222355
                48           1.01147          0.998575        0.00219409
                49           1.00313          0.998668        0.00215128
                50          0.975621          0.998207        0.00215707
                51          0.988033          0.998008        0.00212398
                52           1.00726          0.998186        0.00209057
                53           0.98952          0.998022        0.00205751
                54           1.03863          0.998774        0.00215243
                55          0.983716            0.9985        0.00213063
                56           1.02445          0.998964         0.0021424
                57           1.00428          0.999057        0.00210684
                58           1.00117          0.999093        0.00207083
                59           1.00101          0.999126        0.00203599
                60          0.999823          0.999137        0.00200209
                61          0.997862          0.999117        0.00196937
                62           1.00875          0.999272        0.00194373
                63           1.00312          0.999333        0.00191383
                64           1.01837           0.99963         0.0019069
                65           1.00525          0.999717        0.00187952
                66           1.00316          0.999769        0.00185177
                67          0.977507          0.999437         0.0018537
                68           1.00463          0.999513        0.00182801
                69          0.998181          0.999494        0.00180162
                70          0.997267          0.999462        0.00177617
                71          0.984261          0.999248        0.00176401
                72          0.974256          0.998901        0.00177333
                73           1.01574          0.999132        0.00176398
                74           1.01412          0.999334        0.00175173
                75           1.00774          0.999446        0.00173196
                76          0.982138          0.999218        0.00172408
                77          0.991292          0.999115        0.00170476
                78           0.98702           0.99896        0.00168994
                79           1.01995          0.999226        0.00168931
                80           1.01059          0.999368        0.00167416
                81          0.998387          0.999356        0.00165353
                82          0.993797          0.999288        0.00163476
                83           1.01187           0.99944        0.00162207
                84          0.992715           0.99936        0.00160473
                85           1.00275            0.9994        0.00158635
                86           1.01936          0.999632         0.0015848
                87          0.997898          0.999612        0.00156671
                88           1.01546          0.999792        0.00155923
                89          0.983831          0.999613        0.00155199
                90          0.999326           0.99961        0.00153475
                91           1.01303          0.999757        0.00152495
                92           1.01207          0.999891        0.00151424
                93          0.978787          0.999664        0.00151487
                94           1.00612          0.999733         0.0015003
                95           1.03637           1.00012        0.00153327
                96          0.996305           1.00008        0.00151781
                97          0.971549          0.999784         0.0015304
                98          0.997942          0.999766         0.0015149
                99          0.997373          0.999741        0.00149979
               100          0.997944          0.999723         0.0014849
               101          0.991209          0.999639        0.00147259
               102          0.997546          0.999619        0.00145829
               103          0.994363          0.999568        0.00144503
               104           1.00187           0.99959         0.0014313
               105          0.999651           0.99959        0.00141767
               106          0.970768          0.999318        0.00143014
               107          0.994244          0.999271        0.00141756
               108           1.00266          0.999302        0.00140478
               109           1.02006          0.999493        0.00140474
               110          0.997743          0.999477        0.00139206
               111          0.984805          0.999345        0.00138578
               112           0.99081          0.999269         0.0013755
               113           1.00175          0.999291        0.00136351
               114           0.99182          0.999225        0.00135312
               115           1.02677          0.999465        0.00136238
               116           1.00607          0.999521        0.00135183
               117          0.984738          0.999395        0.00134617
               118          0.985641          0.999279        0.00133979
               119           1.01989          0.999452        0.00133968
               120          0.992724          0.999396        0.00132969
               121          0.986567           0.99929        0.00132292
               122          0.992732          0.999236        0.00131317
               123          0.994386          0.999196        0.00130309
               124           1.01608          0.999333        0.00129967
               125          0.985395          0.999221        0.00129405
               126          0.974895          0.999028         0.0012981
               127          0.988832          0.998948        0.00129036
               128           1.00252          0.998976        0.00128058
               129           1.01503            0.9991        0.00127669
               130          0.978741          0.998944        0.00127643
               131          0.991933           0.99889        0.00126781
               132          0.992113          0.998839        0.00125925
               133          0.977692           0.99868        0.00125978
               134          0.995886          0.998659        0.00125055
               135           1.00012           0.99867        0.00124133
               136          0.988508          0.998595        0.00123445
               137           0.99748          0.998587        0.00122547
               138           1.00004          0.998597        0.00121663
               139           1.02417          0.998781        0.00122171
               140          0.973041          0.998597        0.00122674
               141          0.997753          0.998591        0.00121805
               142           1.00469          0.998634        0.00121023
               143           1.01274          0.998733        0.00120578
               144           1.00952          0.998808        0.00119973
               145           1.00081          0.998822        0.00119153
               146           1.00333          0.998853        0.00118377
               147           1.00594          0.998901         0.0011767
               148          0.989453          0.998837        0.00117048
               149          0.991869           0.99879        0.00116356
               150          0.996834          0.998777        0.00115588
               151          0.993643          0.998743        0.00114872
               152           1.02378          0.998908        0.00115291
               153          0.989453          0.998846        0.00114703
               154           1.01658          0.998961        0.00114535
               155           1.01006          0.999033         0.0011402
               156           1.00169           0.99905        0.00113302
               157           1.00026          0.999058        0.00112583
               158          0.992513          0.999016        0.00111946
               159          0.980565            0.9989        0.00111842
               160           1.00471          0.998936        0.00111202
               161          0.975696          0.998792        0.00111444
               162          0.999139          0.998794        0.00110757
               163          0.978846          0.998672        0.00110751
               164          0.982247          0.998572        0.00110528
               165           1.00012          0.998581        0.00109862
               166           1.02718          0.998753        0.00110542
               167           1.02058          0.998884         0.0011065
               168          0.997975          0.998879        0.00109993
               169           1.03364          0.999084        0.00111248
               170           1.01596          0.999184        0.00111035
               171           1.02013          0.999306         0.0011106
               172          0.992059          0.999264        0.00110494
               173          0.987807          0.999198        0.00110053
               174           1.01083          0.999265        0.00109624
               175          0.978102          0.999144        0.00109663
               176          0.989819          0.999091        0.00109167
               177          0.989812          0.999038        0.00108676
               178           1.00866          0.999092          0.001082
               179           1.00138          0.999105        0.00107603
               180           0.99618          0.999089        0.00107018
               181          0.994785          0.999065        0.00106453
               182          0.988766          0.999008        0.00106018
               183           1.01205           0.99908        0.00105678
               184          0.996653          0.999067        0.00105112
               185           1.01337          0.999144        0.00104828
               186          0.984401          0.999065        0.00104564
               187           1.00301          0.999086        0.00104026
               188           1.01364          0.999163         0.0010376
               189           1.02676          0.999309        0.00104233
               190           1.00572          0.999343        0.00103739
               191           1.02257          0.999464        0.00103906
               192          0.999805          0.999466        0.00103365
               193          0.961949          0.999272        0.00104641
               194          0.993807          0.999244         0.0010414
               195          0.983835          0.999165        0.00103905
               196           1.03352           0.99934        0.00104843
               197           1.02033          0.999446        0.00104851
               198          0.992147           0.99941        0.00104386
               199           0.99277          0.999376        0.00103915
               200           1.01199          0.999439        0.00103586
               201            1.0022          0.999453         0.0010308
               202           1.01802          0.999545        0.00102979
               203           1.01721          0.999632        0.00102838
               204          0.975346          0.999513        0.00103021
               205           1.00178          0.999524        0.00102524
               206          0.999193          0.999522        0.00102027
               207          0.987841          0.999466         0.0010169
               208          0.973004          0.999339        0.00101994
               209           1.02438          0.999459        0.00102207
               210           1.01806          0.999547        0.00102104
               211           1.00704          0.999583        0.00101682
               212           0.99367          0.999555         0.0010124
               213           0.99435           0.99953        0.00100794
               214           1.01902          0.999621        0.00100734
               215          0.995764          0.999603        0.00100281
               216           1.00101           0.99961       0.000998193
               217          0.987576          0.999554       0.000995132
               218            1.0448          0.999762        0.00101198
               219           1.01422          0.999828        0.00100951
               220          0.998293          0.999821        0.00100494
               221           1.01723            0.9999        0.00100348
               222          0.986004          0.999837        0.00100091
               223           1.01401          0.999901       0.000998437
               224          0.993477          0.999872       0.000994392
               225          0.989564          0.999826       0.000991027
               226          0.978336          0.999731       0.000991193
               227           1.02583          0.999846       0.000993472
               228           1.02147          0.999941       0.000993632
               229          0.974809          0.999831       0.000995336
               230          0.988015           0.99978       0.000992333
               231           1.02103          0.999872       0.000992294
               232           0.98113          0.999791         0.0009913
               233          0.999911          0.999792       0.000987045
               234           1.02314          0.999891       0.000987859
               235          0.993789          0.999865       0.000983997
               236           1.00853          0.999902       0.000980513
               237           0.99954          0.999901       0.000976377
               238          0.968622          0.999769       0.000981079
               239           0.97263          0.999656       0.000983524
               240          0.997838          0.999648       0.000979455
               241           1.00213          0.999658       0.000975445
               242          0.996456          0.999645       0.000971504
               243           1.00196          0.999655       0.000967553
               244          0.986755          0.999602        0.00096503
               245          0.970607          0.999483       0.000968321
               246           1.00309          0.999498       0.000964495
               247          0.985038           0.99944       0.000962366
               248          0.991875          0.999409       0.000958968
               249          0.988216          0.999364        0.00095617
               250          0.990831           0.99933       0.000952954
               251           1.00281          0.999344       0.000949259
               252           1.00607          0.999371       0.000945867
               253          0.984106           0.99931        0.00094405
               254          0.997812          0.999304       0.000940352
               255          0.991842          0.999275        0.00093712
               256           1.01423          0.999334       0.000935279
               257            1.0066          0.999362       0.000932067
               258          0.993008          0.999337       0.000928779
               259            1.0243          0.999434       0.000930181
               260           1.00919          0.999471       0.000927359
               261          0.982998          0.999408       0.000925951
               262          0.995738          0.999394       0.000922523
               263           1.03662          0.999535       0.000929812
               264          0.997125          0.999526       0.000926335
               265           1.00053           0.99953       0.000922847
               266          0.989156          0.999491       0.000920201
               267           1.00874          0.999526       0.000917407
               268          0.997594          0.999519       0.000914012
               269          0.981745          0.999452       0.000912999
               270           1.02566           0.99955       0.000914761
               271           1.02248          0.999634        0.00091529
               272           0.98912          0.999595       0.000912741
               273          0.994745          0.999578       0.000909571
               274          0.990992          0.999546       0.000906791
               275          0.998175          0.999541       0.000903507
               276          0.980407          0.999472       0.000902889
               277          0.995924          0.999459        0.00089972
               278          0.995326          0.999444       0.000896607
               279          0.987522          0.999402       0.000894411
               280           1.01171          0.999446       0.000892296
               281           1.00685          0.999472        0.00088951
               282           1.00862          0.999504       0.000886946
               283           1.00679           0.99953       0.000884186
               284          0.996129          0.999518       0.000881154
               285           1.00635          0.999542       0.000878388
               286          0.990132          0.999509       0.000875933
               287          0.992921          0.999486       0.000873182
               288          0.958904          0.999345       0.000881446
               289           1.00101          0.999351       0.000878415
               290           1.00404          0.999367       0.000875535
               291          0.984244          0.999315       0.000874067
               292           1.02227          0.999394         0.0008746
               293          0.991432          0.999367       0.000872037
               294          0.972936          0.999277       0.000873693
               295          0.977788          0.999204       0.000873763
               296          0.994947           0.99919       0.000870929
               297           1.00474          0.999208       0.000868197
               298           1.03673          0.999334       0.000874365
               299          0.993052          0.999313       0.000871693
               300            1.0193           0.99938       0.000871331
               301          0.983764          0.999328       0.000869979
               302          0.991472          0.999302       0.000867487
               303          0.979589          0.999237        0.00086706
               304          0.996355          0.999227        0.00086426
               305          0.998272          0.999224       0.000861432
               306           1.01622           0.99928       0.000860406
               307           1.01701          0.999338       0.000859539
               308          0.991784          0.999313       0.000857098
               309            0.9755          0.999236       0.000857782
               310           1.01397          0.999284       0.000856331
               311          0.993369          0.999265       0.000853789
               312            1.0085          0.999294       0.000851565
               313           1.03384          0.999404       0.000855966
               314           1.02163          0.999475       0.000856161
               315          0.988485           0.99944       0.000854154
               316          0.988136          0.999405       0.000852199
               317          0.986497          0.999364       0.000850483
               318          0.980663          0.999305        0.00084984
               319           1.00263          0.999315       0.000847239
               320          0.968772           0.99922       0.000849951
               321           1.00663          0.999243       0.000847616
               322          0.984471          0.999197       0.000846225
               323           1.00124          0.999204       0.000843629
               324           1.01975          0.999267       0.000843405
               325           0.99859          0.999265       0.000840812
               326          0.993321          0.999247       0.000838431
               327          0.994527          0.999232       0.000835991
               328          0.991648          0.999209       0.000833762
               329          0.985483          0.999167       0.000832271
               330          0.990172           0.99914       0.000830195
               331          0.990306          0.999113       0.000828116
               332          0.986484          0.999075       0.000826495
               333          0.999662          0.999077       0.000824015
               334          0.978219          0.999015       0.000823911
               335          0.986218          0.998976       0.000822336
               336           1.01892          0.999036       0.000822028
               337           1.00925          0.999066       0.000820148
               338          0.984243          0.999022       0.000818893
               339          0.991616             0.999       0.000816769
               340           0.99245          0.998981       0.000814593
               341           1.02156          0.999047        0.00081489
               342          0.997789          0.999044       0.000812516
               343           1.01757          0.999098        0.00081194
               344           1.02556          0.999175       0.000813217
               345           1.00317          0.999186       0.000810942
               346           1.01214          0.999224       0.000809462
               347          0.996995          0.999217       0.000807154
               348           1.00327          0.999229       0.000804919
               349          0.998152          0.999226       0.000802619
               350           1.00381          0.999239       0.000800432
               351          0.987428          0.999205       0.000798859
               352            1.0058          0.999224       0.000796809
               353           1.01655          0.999273       0.000796061
               354           1.00672          0.999294       0.000794091
               355           1.01348          0.999334       0.000792859
               356           1.02308          0.999401       0.000793433
               357           1.02292          0.999467       0.000793941
               358          0.994261          0.999452       0.000791856
               359             1.015          0.999495       0.000790834
               360          0.996591          0.999487       0.000788678
               361            1.0156          0.999532       0.000787755
               362          0.975196          0.999465       0.000788443
               363          0.981915          0.999416       0.000787751
               364          0.991495          0.999395       0.000785888
               365          0.991663          0.999373        0.00078402
               366           1.01154          0.999407       0.000782583
               367          0.998617          0.999405       0.000780454
               368            1.0023          0.999412       0.000778373
               369          0.987058          0.999379       0.000776983
               370           1.02997          0.999462        0.00077927
               371          0.993986          0.999447       0.000777309
               372           1.00817           0.99947       0.000775573
               373           1.00478          0.999485       0.000773625
               374          0.998559          0.999482        0.00077156
               375          0.999613          0.999482       0.000769503
               376          0.989132          0.999455       0.000767949
               377          0.996436          0.999447       0.000765953
               378           1.02067          0.999503       0.000765982
               379           1.01644          0.999548       0.000765263
               380          0.992951           0.99953       0.000763446
               381          0.998408          0.999527       0.000761448
               382           1.01284          0.999562       0.000760251
               383          0.986313          0.999528       0.000759053
               384           1.02375          0.999591       0.000759693
               385           1.01354          0.999627       0.000758584
               386          0.987706          0.999596       0.000757247
               387          0.990126          0.999572       0.000755685
               388          0.998611          0.999569       0.000753742
               389          0.990607          0.999546       0.000752156
               390           1.01751          0.999592       0.000751637
               391          0.993483          0.999577       0.000749877
               392           1.00358          0.999587       0.000748034
               393           1.00759          0.999607       0.000746408
               394          0.990178          0.999583       0.000744897
               395          0.976624          0.999525       0.000745275
               396           1.02687          0.999594       0.000746586
               397           1.02865          0.999667       0.000748284
               398           1.01466          0.999705       0.000747352
               399          0.995336          0.999694       0.000745559
               400           1.04046          0.999796        0.00075063
               401           1.00021          0.999797       0.000748759
               402          0.980895           0.99975       0.000748371
               403           1.01769          0.999795       0.000747837
               404           1.00519          0.999808       0.000746106
               405          0.999648          0.999808       0.000744263
               406          0.977588          0.999753        0.00074444
               407           1.00777          0.999772       0.000742871
               408           1.02472          0.999834       0.000743563
               409           1.03096           0.99991        0.00074563
               410          0.971375           0.99984       0.000747052
               411           1.01802          0.999884       0.000746543
               412           1.00937          0.999907       0.000745086
               413           1.02554          0.999969       0.000745863
               414          0.991382          0.999949        0.00074435
               415           1.01156          0.999977       0.000743081
               416            1.0112                 1       0.000741785
               417           0.98718          0.999973       0.000740643
               418           1.00754          0.999991       0.000739093
               419           1.00086          0.999993       0.000737332
               420          0.996382          0.999985       0.000735626
               421          0.987742          0.999955       0.000734454
               422           1.00704          0.999972       0.000732905
               423           1.01166                 1       0.000731693
               424            1.0076           1.00002       0.000730187
               425           1.00371           1.00003        0.00072852
               426            1.0053           1.00004       0.000726915
               427           1.01908           1.00008        0.00072658
               428           1.00008           1.00008       0.000724882
               429           1.02972           1.00015       0.000726476
               430          0.963674           1.00007       0.000729723
               431          0.998532           1.00006       0.000728039
               432          0.989514           1.00004       0.000726763
               433           1.00572           1.00005       0.000725203
               434           1.01786           1.00009       0.000724692
               435           1.00397            1.0001       0.000723081
               436            1.0047           1.00011       0.000721499
               437           1.00356           1.00012       0.000719891
               438           1.00338           1.00013       0.000718286
               439          0.996503           1.00012       0.000716697
               440           1.01991           1.00017       0.000716479
               441          0.985558           1.00013       0.000715619
               442           1.00525           1.00014       0.000714094
               443           1.00078           1.00015       0.000712484
               444          0.982315           1.00011        0.00071201
               445           1.00935           1.00013       0.000710713
               446          0.993641           1.00011       0.000709268
               447           1.01803           1.00015       0.000708813
               448          0.987808           1.00012       0.000707767
               449          0.999144           1.00012       0.000706194
               450           1.02436           1.00018       0.000706676
               451          0.982758           1.00014       0.000706163
               452           1.01402           1.00017       0.000705269
               453           1.00242           1.00017       0.000703729
               454           1.04597           1.00027       0.000709372
               455          0.980559           1.00023       0.000709135
               456           1.00937           1.00025       0.000707863
               457          0.990474           1.00023       0.000706637
               458          0.993232           1.00021       0.000705259
               459           1.00445           1.00022       0.000703783
               460          0.999306           1.00022       0.000702256
               461           1.00483           1.00023       0.000700803
               462           1.01477           1.00026       0.000699992
               463           1.01951            1.0003       0.000699714
               464          0.977152           1.00025       0.000699982
               465          0.985826           1.00022       0.000699164
               466           1.00125           1.00023       0.000697667
               467           1.01858           1.00026        0.00069728
               468           1.00211           1.00027       0.000695801
               469          0.987374           1.00024        0.00069486
               470          0.993309           1.00023       0.000693538
               471           1.02351           1.00028       0.000693825
               472           1.01776           1.00031       0.000693344
               473          0.979582           1.00027       0.000693262
               474          0.979623           1.00023       0.000693166
               475          0.998303           1.00022       0.000691718
               476           1.01196           1.00025       0.000690705
               477           1.01259           1.00027       0.000689741
               478          0.984134           1.00024       0.000689124
               479           1.00067           1.00024       0.000687686
               480          0.959086           1.00015       0.000691577
               481          0.995579           1.00014       0.000690205
               482           1.03219           1.00021       0.000691968
               483          0.981468           1.00017       0.000691623
               484           1.01074           1.00019       0.000690538
               485          0.998586           1.00019       0.000689122
               486           1.00713            1.0002       0.000687852
               487           1.00255           1.00021       0.000686457
               488          0.994609            1.0002       0.000685146
               489           1.02841           1.00026        0.00068617
               490           1.00328           1.00026       0.000684798
               491           1.00285           1.00027       0.000683423
               492           1.04447           1.00036       0.000687914
               493           1.01347           1.00038       0.000687033
               494          0.979919           1.00034        0.00068689
               495          0.988204           1.00032        0.00068594
               496           1.01752           1.00035       0.000685433
               497           1.00567           1.00036       0.000684138
               498           0.98013           1.00032       0.000683969
               499           1.03122           1.00038       0.000685395
               500          0.996071           1.00038       0.000684079
               501          0.991587           1.00036       0.000682938
               502          0.995578           1.00035       0.000681644
               503           1.01401           1.00038        0.00068083
               504          0.986396           1.00035       0.000680044
               505          0.958319           1.00026       0.000683771
               506          0.996341           1.00026       0.000682463
               507          0.978803           1.00021       0.000682428
               508          0.990376           1.00019       0.000681359
               509           1.00582           1.00021        0.00068011
               510          0.996001            1.0002       0.000678827
               511          0.990108           1.00018       0.000677786
               512          0.976426           1.00013       0.000678047
               513           1.00908           1.00015        0.00067695
               514          0.986348           1.00012       0.000676165
               515          0.995959           1.00011       0.000674901
               516           1.00659           1.00013       0.000673709
               517           1.00306           1.00013        0.00067243
               518           0.99959           1.00013       0.000671133
               519          0.975633           1.00008       0.000671498
               520           1.01641           1.00012        0.00067094
               521             1.011           1.00014       0.000669977
               522           1.01071           1.00016          0.000669
               523           1.01047           1.00018       0.000668011
               524           1.00459           1.00018       0.000666789
               525            1.0016           1.00019       0.000665525
               526          0.990062           1.00017       0.000664538
               527          0.980192           1.00013       0.000664357
               528            1.0096           1.00015       0.000663341
               529          0.988643           1.00013       0.000662444
               530           1.00659           1.00014       0.000661306
               531          0.990781           1.00012       0.000660295
               532           1.00375           1.00013       0.000659089
               533           1.00081           1.00013       0.000657854
               534           1.00826           1.00014       0.000656798
               535          0.984349           1.00011       0.000656234
               536           1.00093           1.00012       0.000655011
               537           1.00189           1.00012         0.0006538
               538           1.00497           1.00013       0.000652647
               539          0.983718            1.0001       0.000652146
               540          0.994136           1.00009       0.000651032
               541          0.998236           1.00008       0.000649837
               542            1.0034           1.00009       0.000648667
               543          0.977939           1.00005       0.000648754
               544            1.0037           1.00006       0.000647596
               545          0.984347           1.00003       0.000647049
               546          0.970218          0.999972       0.000648163
               547           1.00794          0.999987       0.000647142
               548           1.00767                 1       0.000646113
               549           1.01603           1.00003       0.000645595
               550          0.965475          0.999967       0.000647471
               551          0.986169          0.999942        0.00064678
               552          0.968568          0.999885       0.000648101
               553          0.990054          0.999868       0.000647173
               554          0.996233          0.999861       0.000646038
               555          0.992837          0.999848       0.000644998
               556           1.00891          0.999865       0.000644043
               557           1.00236          0.999869       0.000642903
               558          0.975634          0.999826       0.000643216
               559          0.981933          0.999794       0.000642861
               560          0.986931          0.999771       0.000642123
               561           1.00112          0.999773       0.000640983
               562          0.988262          0.999753        0.00064017
               563          0.995536          0.999745       0.000639077
               564          0.992382          0.999732       0.000638077
               565          0.961901          0.999665       0.000640451
               566          0.990306          0.999649       0.000639533
               567          0.999174          0.999648       0.000638406
               568          0.993002          0.999636       0.000637389
               569           1.01774          0.999668       0.000637063
               570           0.97027          0.999616       0.000638029
               571            1.0179          0.999648       0.000637715
               572          0.985478          0.999624       0.000637081
               573          0.997499           0.99962        0.00063598
               574            1.0154          0.999647       0.000635465
               575           1.00156          0.999651       0.000634369
               576          0.997534          0.999647       0.000633278
               577           0.97872          0.999611       0.000633218
               578           1.00553          0.999621       0.000632206
               579           1.01519          0.999648       0.000631685
               580          0.987488          0.999627       0.000630944
               581           1.00614          0.999638       0.000629958
               582          0.998213          0.999636        0.00062888
               583           1.01946           0.99967        0.00062872
               584           1.00721          0.999683       0.000627776
               585           1.02686          0.999729        0.00062842
               586           1.01262          0.999751       0.000627732
               587           1.01986          0.999785       0.000627597
               588          0.989498          0.999768       0.000626774
               589           1.00334          0.999774       0.000625739
               590          0.982162          0.999744        0.00062539
               591            1.0041          0.999751       0.000624375
               592           1.03593          0.999812       0.000626304
               593          0.978406          0.999776       0.000626288
               594           1.01886          0.999809       0.000626057
               595           0.99771          0.999805       0.000625014
               596          0.990747           0.99979        0.00062415
               597           1.00216          0.999794       0.000623118
               598           1.00509          0.999803       0.000622138
               599           1.01178          0.999823       0.000621421
               600          0.956543           0.99975       0.000624558
               601          0.994843          0.999742       0.000623572
               602           1.01681          0.999771       0.000623181
               603           1.00806          0.999784       0.000622299
               604           1.02002          0.999818        0.00062217
               605          0.999991          0.999818       0.000621141
               606           1.01241          0.999839       0.000620464
               607           1.02345          0.999878        0.00062066
               608           0.99612          0.999872        0.00061967
               609           1.00306          0.999877       0.000618674
               610           0.99992          0.999877        0.00061766
               611           1.00511          0.999886       0.000616709
               612          0.974312          0.999844       0.000617115
               613           1.01858          0.999874       0.000616865
               614          0.998192          0.999872       0.000615867
               615          0.978467          0.999837       0.000615848
               616          0.998317          0.999834       0.000614853
               617          0.994106          0.999825       0.000613927
               618          0.983323          0.999798       0.000613514
               619          0.992067          0.999786        0.00061265
               620           1.01434          0.999809       0.000612111
               621           1.00914          0.999824        0.00061131
               622          0.986756          0.999803       0.000610688
               623           1.01566          0.999829       0.000610238
               624          0.997394          0.999825       0.000609272
               625          0.996338          0.999819       0.000608323
               626          0.988267          0.999801       0.000607631
               627          0.996038          0.999795       0.000606692
               628          0.986788          0.999774       0.000606079
               629          0.975675          0.999736       0.000606325
               630          0.994875          0.999728       0.000605412
               631          0.976389          0.999691       0.000605581
               632          0.983289          0.999665       0.000605179
               633          0.975311          0.999627       0.000605445
               634           1.01581          0.999652       0.000605028
               635           1.01099           0.99967       0.000604338
               636           1.01011          0.999687       0.000603611
               637             1.021           0.99972        0.00060359
               638           1.00139          0.999723        0.00060265
               639          0.995751          0.999716       0.000601739
               640           1.00382          0.999723       0.000600833
               641          0.995552          0.999716       0.000599931
               642          0.990176          0.999701        0.00059918
               643           0.97328           0.99966       0.000599656
               644          0.989648          0.999645       0.000598926
               645           1.02674          0.999687       0.000599469
               646           1.00414          0.999694       0.000598581
               647          0.991024           0.99968       0.000597805
               648          0.972671          0.999639       0.000598334
               649          0.981011           0.99961         0.0005981
               650           1.03824          0.999669       0.000600126
               651           1.00206          0.999673       0.000599215
               652           1.01993          0.999704       0.000599101
               653          0.989689          0.999689        0.00059838
               654          0.997975          0.999686       0.000597471
               655          0.991181          0.999673       0.000596699
               656           1.01986          0.999704       0.000596583
               657          0.984678          0.999681       0.000596113
               658          0.983142          0.999656       0.000595737
               659          0.995349          0.999649       0.000594869
               660           1.01898          0.999679       0.000594688
               661           1.00493          0.999687       0.000593841
               662          0.978938          0.999655       0.000593771
               663          0.971849          0.999613       0.000594354
               664          0.977619           0.99958       0.000594382
               665           1.00016          0.999581       0.000593488
               666          0.991888           0.99957        0.00059271
               667           1.00614          0.999579       0.000591903
               668           1.01297          0.999599       0.000591356
               669          0.988436          0.999583       0.000590708
               670           1.02892          0.999627       0.000591447
               671           1.00974          0.999642       0.000590758
               672           1.01363          0.999662       0.000590245
               673           1.02137          0.999695       0.000590249
               674           1.01091          0.999711       0.000589607
               675          0.965586          0.999661       0.000590897
               676           0.99323          0.999651         0.0005901
               677          0.998907           0.99965       0.000589229
               678           1.00493          0.999658       0.000588412
               679           1.00563          0.999667       0.000587611
               680           1.02659          0.999706       0.000588079
               681           1.01353          0.999727       0.000587566
               682           1.00852           0.99974       0.000586846
               683          0.991808          0.999728       0.000586102
               684          0.991273          0.999716       0.000585375
               685          0.974299          0.999678       0.000585695
               686           1.01447            0.9997       0.000585238
               687           1.00794          0.999712        0.00058451
               688          0.988693          0.999696       0.000583879
               689          0.988192          0.999679       0.000583271
               690          0.991311          0.999667       0.000582551
               691           0.99554          0.999661       0.000581739
               692           1.00672          0.999671       0.000580988
               693            1.0205          0.999701       0.000580926
               694          0.990609          0.999688       0.000580237
               695          0.997608          0.999685        0.00057941
               696           0.99324          0.999676       0.000578651
               697          0.989098          0.999661        0.00057802
               698          0.984286          0.999639       0.000577612
               699           1.01507          0.999661       0.000577207
               700          0.984463          0.999639        0.00057679
               701           1.02091           0.99967       0.000576765
               702          0.974356          0.999634       0.000577069
               703          0.993496          0.999625       0.000576315
               704           1.00168          0.999628       0.000575503
               705          0.997605          0.999625       0.000574694
               706            1.0131          0.999644       0.000574197
               707          0.992349          0.999634       0.000573478
               708          0.989007          0.999619       0.000572864
               709           1.01213          0.999636       0.000572328
               710           1.02017          0.999665       0.000572252
               711           1.00634          0.999675       0.000571524
               712           1.02202          0.999706       0.000571583
               713           1.00944           0.99972       0.000570944
               714           1.00042          0.999721       0.000570145
               715           1.00632           0.99973       0.000569422
               716          0.998275          0.999728       0.000568631
               717          0.982071          0.999703       0.000568371
               718           1.00161          0.999706       0.000567585
               719           1.00194          0.999709       0.000566804
               720           1.01444          0.999729       0.000566386
               721          0.989282          0.999715       0.000565786
               722          0.992184          0.999704       0.000565098
               723          0.996467            0.9997       0.000564335
               724           1.02121           0.99973       0.000564337
               725           1.01816          0.999755        0.00056413
               726          0.990554          0.999742       0.000563496
               727           1.01052          0.999757       0.000562916
               728            1.0125          0.999775       0.000562415
               729           1.01454          0.999795       0.000562008
               730           1.00223          0.999798       0.000561248
               731          0.989399          0.999784        0.00056066
               732          0.991062          0.999772       0.000560021
               733          0.982845          0.999749       0.000559733
               734           1.00257          0.999753       0.000558984
               735          0.973821          0.999718       0.000559335
               736          0.997134          0.999714       0.000558586
               737          0.994606          0.999707       0.000557872
               738          0.988331          0.999692       0.000557329
               739          0.997119          0.999688       0.000556585
               740          0.978312          0.999659       0.000556582
               741           1.01247          0.999677       0.000556099
               742          0.974237          0.999642       0.000556406
               743          0.982601           0.99962        0.00055613
               744          0.993701          0.999612       0.000555439
               745           1.00433          0.999618       0.000554729
               746           1.01989          0.999645       0.000554651
               747          0.998087          0.999643       0.000553913
               748          0.974494          0.999609       0.000554191
               749           0.96675          0.999566       0.000555185
               750          0.984753          0.999546       0.000554796
               751          0.988243          0.999531       0.000554262
               752           1.01609          0.999553       0.000553962
               753          0.977275          0.999523       0.000554016
               754            1.0079          0.999534       0.000553392
               755           1.02201          0.999564       0.000553459
               756          0.981047           0.99954       0.000553269
               757           1.00755           0.99955       0.000552639
               758           1.01935          0.999576       0.000552527
               759           1.00776          0.999587       0.000551904
               760           1.00002          0.999588       0.000551178
               761          0.994002           0.99958       0.000550503
               762          0.994456          0.999574       0.000549822
               763           1.01576          0.999595        0.00054951
               764           1.02096          0.999623       0.000549502
               765          0.990994          0.999611         0.0005489
               766           1.03202          0.999654       0.000549811
               767           1.01807          0.999678       0.000549618
               768            1.0005          0.999679       0.000548903
               769          0.987854          0.999663       0.000548405
               770           1.00319          0.999668       0.000547712
               771          0.997474          0.999665       0.000547009
               772          0.997586          0.999662       0.000546307
               773           1.00153          0.999665       0.000545606
               774            1.0061          0.999673       0.000544964
               775           1.01347          0.999691       0.000544552
               776           1.00488          0.999698       0.000543891
               777          0.978942          0.999671       0.000543847
               778           1.01114          0.999686       0.000543347
               779          0.992022          0.999676       0.000542739
               780            1.0202          0.999702        0.00054268
               781           1.02478          0.999734       0.000542935
               782          0.998817          0.999733       0.000542242
               783          0.977791          0.999705       0.000542273
               784           1.00312          0.999709       0.000541598
               785           1.00752          0.999719          0.000541
               786           1.01949          0.999745       0.000540896
               787           1.03232          0.999786        0.00054179
               788          0.989179          0.999772        0.00054127
               789          0.995916          0.999768       0.000540606
               790           1.00003          0.999768       0.000539922
               791           1.00933           0.99978       0.000539374
               792          0.987995          0.999765       0.000538898
               793          0.984014          0.999745       0.000538585
               794          0.988425          0.999731       0.000538095
               795           1.00294          0.999735       0.000537434
               796           1.02434          0.999766       0.000537647
               797          0.978421          0.999739       0.000537639
               798           0.98063          0.999715       0.000537498
               799           1.02254          0.999744       0.000537584
               800           1.01023          0.999757       0.000537072
               801          0.986478           0.99974       0.000536657
               802           0.97649          0.999711        0.00053677
               803           1.00151          0.999714       0.000536107
               804           1.03389          0.999756       0.000537122
               805          0.989725          0.999744         0.0005366
               806          0.994005          0.999737       0.000535981
               807           1.02506          0.999768       0.000536235
               808            1.0036          0.999773       0.000535592
               809           1.00048          0.999774       0.000534931
               810          0.991478          0.999763       0.000534368
               811          0.997075           0.99976        0.00053372
               812          0.989384          0.999747       0.000533215
               813           1.00061          0.999748       0.000532561
               814            1.0258           0.99978       0.000532867
               815          0.961482          0.999733       0.000534282
               816            1.0376           0.99978       0.000535638
               817           0.99065          0.999768       0.000535099
               818           0.98768          0.999754       0.000534649
               819          0.997461          0.999751       0.000534004
               820           1.00887          0.999762       0.000533468
               821          0.991926          0.999752       0.000532904
               822          0.995853          0.999748       0.000532277
               823           1.00057          0.999749       0.000531631
               824          0.998139          0.999747       0.000530989
               825           1.00224           0.99975       0.000530354
               826           1.00022           0.99975       0.000529713
               827          0.989536          0.999738       0.000529216
               828           1.00357          0.999743       0.000528597
               829           1.00841          0.999753       0.000528063
               830          0.999058          0.999752       0.000527427
               831          0.987936          0.999738       0.000526984
               832          0.996616          0.999734       0.000526364
               833            0.9645          0.999692       0.000527429
               834          0.985201          0.999675       0.000527083
               835          0.989035          0.999662       0.000526606
               836           1.03723          0.999707       0.000527889
               837           1.01159          0.999721        0.00052745
               838           1.00678          0.999729       0.000526888
               839          0.982684          0.999709       0.000526651
               840           1.01249          0.999724       0.000526244
               841           1.01026          0.999737       0.000525767
               842          0.983423          0.999718         0.0005255
               843           0.98023          0.999694       0.000525385
               844           1.01247           0.99971        0.00052498
               845          0.982902           0.99969       0.000524736
               846          0.980052          0.999666       0.000524628
               847            1.0051          0.999673       0.000524048
               848           1.01656          0.999693       0.000523809
               849          0.999036          0.999692       0.000523192
               850          0.993404          0.999685       0.000522629
               851           1.01002          0.999697       0.000522156
               852           1.02643          0.999728       0.000522485
               853           1.02875          0.999762       0.000522979
               854           1.00937          0.999773       0.000522488
               855           1.01961          0.999797       0.000522391
               856           1.00177          0.999799       0.000521786
               857          0.997475          0.999796       0.000521184
               858            1.0098          0.999808       0.000520707
               859          0.976419          0.999781       0.000520813
               860           1.01525          0.999799       0.000520517
               861            1.0261          0.999829       0.000520808
               862           1.00623          0.999837       0.000520257
               863           0.97665           0.99981       0.000520348
               864          0.992323          0.999801       0.000519818
               865           1.00229          0.999804       0.000519225
               866          0.976186          0.999777       0.000519341
               867          0.977657          0.999751       0.000519368
               868          0.993633          0.999744       0.000518818
               869           1.01824          0.999765       0.000518657
               870          0.980184          0.999743       0.000518549
               871           1.01004          0.999755       0.000518088
               872           1.00052          0.999756       0.000517495
               873           0.99755          0.999753       0.000516908
               874          0.992772          0.999745       0.000516379
               875           1.01454          0.999762       0.000516065
               876           1.00473          0.999768       0.000515507
               877           1.00116          0.999769       0.000514922
               878           0.99255          0.999761       0.000514401
               879             1.002          0.999764       0.000513822
               880           1.00025          0.999764       0.000513238
               881            0.9909          0.999754       0.000512754
               882          0.969815           0.99972       0.000513295
               883           1.00522          0.999726       0.000512752
               884          0.969436          0.999692       0.000513316
               885          0.998038           0.99969       0.000512739
               886          0.972208          0.999659       0.000513098
               887           1.00592          0.999666       0.000512568
               888           1.01561          0.999684       0.000512305
               889           1.01646          0.999703       0.000512076
               890          0.991971          0.999694       0.000511574
               891          0.992716          0.999687        0.00051106
               892           1.00113          0.999688        0.00051049
               893          0.994497          0.999682       0.000509951
               894             0.986          0.999667        0.00050961
               895          0.997537          0.999665       0.000509047
               896          0.992872          0.999657       0.000508535
               897          0.962154          0.999615       0.000509684
               898          0.987056          0.999601       0.000509308
               899           1.01441          0.999618       0.000509008
               900           1.00122           0.99962       0.000508445
               901           1.01919          0.999641       0.000508345
               902          0.999114          0.999641       0.000507782
               903          0.984987          0.999624       0.000507479
               904           1.01538          0.999642       0.000507216
               905          0.972254          0.999612       0.000507558
               906          0.977645          0.999587       0.000507576
               907           1.00663          0.999595       0.000507076
               908          0.985508           0.99958       0.000506755
               909          0.968062          0.999545       0.000507382
               910          0.993046          0.999538       0.000506875
               911          0.987077          0.999524       0.000506503
               912          0.993621          0.999518       0.000505989
               913           1.02137          0.999542       0.000506001
               914          0.999184          0.999541       0.000505447
               915          0.993452          0.999535       0.000504939
               916          0.980022          0.999513       0.000504836
               917          0.999297          0.999513       0.000504286
               918           1.01079          0.999525       0.000503886
               919           1.00525          0.999531       0.000503376
               920          0.999513          0.999531       0.000502829
               921          0.994829          0.999526       0.000502309
               922          0.998674          0.999525       0.000501765
               923          0.999562          0.999525       0.000501222
               924           1.02021          0.999548       0.000501179
               925          0.995133          0.999543        0.00050066
               926           1.00558           0.99955       0.000500162
               927           1.01486          0.999566       0.000499895
               928           1.01019          0.999578       0.000499487
               929          0.999445          0.999577        0.00049895
               930          0.984113          0.999561        0.00049869
               931           1.01927          0.999582       0.000498603
               932           1.00293          0.999586       0.000498081
               933          0.997314          0.999583       0.000497554
               934           1.02952          0.999615       0.000498053
               935          0.980346          0.999595       0.000497946
               936           1.00984          0.999606       0.000497534
               937          0.992665          0.999598       0.000497058
               938           1.02358          0.999624       0.000497185
               939           0.98942          0.999613       0.000496775
               940          0.997472          0.999611       0.000496251
               941           1.00144          0.999612       0.000495728
               942           1.01117          0.999625       0.000495354
               943           1.01458          0.999641       0.000495082
               944          0.966501          0.999606       0.000495801
               945          0.999944          0.999606       0.000495276
               946          0.998646          0.999605       0.000494754
               947          0.991062          0.999596       0.000494314
               948          0.969741          0.999564       0.000494794
               949           1.01783          0.999584       0.000494647
               950           0.98243          0.999566       0.000494456
               951           1.00633          0.999573       0.000493987
               952            1.0048          0.999578       0.000493499
               953          0.992223           0.99957       0.000493041
               954           1.02672          0.999599       0.000493345
               955          0.998767          0.999598       0.000492829
               956           1.00313          0.999602       0.000492328
               957          0.999603          0.999602       0.000491813
               958            1.0114          0.999614       0.000491454
               959          0.998344          0.999613       0.000490943
               960           0.97841          0.999591       0.000490928
               961           1.00848            0.9996       0.000490505
               962           1.01797          0.999619       0.000490366
               963           0.98922          0.999608       0.000489976
               964           1.00627          0.999615       0.000489516
               965           1.00185          0.999617       0.000489015
               966          0.991806          0.999609       0.000488575
               967           0.99466          0.999604       0.000488097
               968          0.990394          0.999595       0.000487685
               969           1.00502            0.9996       0.000487214
               970            1.0038          0.999605       0.000486731
               971          0.988715          0.999593       0.000486359
               972           1.01761          0.999612       0.000486212
               973           1.03912          0.999653       0.000487405
               974           1.00887          0.999662       0.000486996
               975           1.00666          0.999669        0.00048655
               976          0.988245          0.999657       0.000486192
               977           1.01401          0.999672       0.000485916
               978           1.00702           0.99968       0.000485477
               979          0.995926          0.999676       0.000484997
               980          0.998419          0.999675       0.000484504
               981          0.998375          0.999673       0.000484011
               982          0.987468          0.999661       0.000483678
               983           1.00465          0.999666       0.000483213
               984          0.965127          0.999631       0.000483995
               985           1.01414          0.999645       0.000483728
               986          0.990906          0.999637       0.000483318
               987          0.986348          0.999623       0.000483016
               988          0.982963          0.999606       0.000482821
               989           1.00459          0.999611        0.00048236
               990           1.02477          0.999637       0.000482541
               991          0.994802          0.999632       0.000482079
               992          0.999536          0.999632       0.000481593
               993           1.00625          0.999638       0.000481154
               994           1.00987          0.999649        0.00048078
               995           1.00631          0.999655       0.000480343
               996           1.01707          0.999673       0.000480179
               997          0.978949          0.999652       0.000480147
               998          0.999763          0.999652       0.000479666
               999           1.00809          0.999661        0.00047926
              1000          0.996075          0.999657       0.000478794
