                 1          0.998286          0.998286                 0
                 2           1.00192           1.00011        0.00128621
                 3          0.996223          0.998811        0.00136072
                 4          0.996844          0.998319        0.00110587
                 5          0.996797          0.998015       0.000925665
                 6           1.00523          0.999218        0.00134224
                 7           1.00009          0.999342        0.00115623
                 8          0.999367          0.999345         0.0010117
                 9            1.0024          0.999684       0.000954416
                10          0.990894          0.998805        0.00119722
                11          0.997438          0.998681        0.00109481
                12           1.00409          0.999132        0.00109254
                13          0.999119          0.999131         0.0010085
                14           1.00299          0.999407       0.000973396
                15          0.999487          0.999412       0.000908518
                16           1.00014          0.999458        0.00085287
                17           1.00029          0.999507       0.000804113
                18          0.990028           0.99898       0.000915773
                19           1.00026          0.999048       0.000870063
                20          0.989575          0.998574        0.00094674
                21          0.998107          0.998552       0.000901919
                22           1.00291           0.99875       0.000882425
                23          0.990792          0.998404       0.000909362
                24          0.994598          0.998245       0.000885191
                25          0.999567          0.998298        0.00085136
                26           1.00428          0.998528       0.000849176
                27           1.00884           0.99891        0.00089958
                28          0.992993          0.998699        0.00089193
                29          0.998822          0.998703       0.000861184
                30          0.999216           0.99872       0.000832648
                31           1.00174          0.998818        0.00081145
                32           1.00017           0.99886       0.000787189
                33           1.00495          0.999044       0.000784654
                34           1.00043          0.999085        0.00076263
                35           1.00104          0.999141       0.000742876
                36           1.00045          0.999177       0.000723128
                37          0.997717          0.999138       0.000704661
                38          0.996061          0.999057       0.000690754
                39           1.00195          0.999131       0.000677005
                40          0.997396          0.999087       0.000661467
                41          0.998024          0.999062       0.000645843
                42           1.00474          0.999197       0.000644462
                43           1.00567          0.999347       0.000646825
                44           1.00028          0.999368       0.000632471
                45           1.00237          0.999435       0.000621929
                46          0.997734          0.999398       0.000609508
                47           1.00259          0.999466       0.000600319
                48           1.00069          0.999492       0.000588356
                49           1.00573          0.999619       0.000589963
                50          0.993262          0.999492       0.000591705
                51          0.995806           0.99942       0.000584499
                52          0.999683          0.999425       0.000573281
                53           1.00478          0.999526       0.000571304
                54          0.995381          0.999449       0.000565857
                55           1.00236          0.999502       0.000558038
                56            1.0025          0.999556       0.000550638
                57          0.993889          0.999456       0.000549878
                58           1.00046          0.999473       0.000540668
                59          0.996291          0.999419       0.000534188
                60          0.997934          0.999395       0.000525858
                61           1.00885           0.99955       0.000539613
                62           1.00471          0.999633       0.000537281
                63           1.00276          0.999683       0.000531045
                64           1.00058          0.999697       0.000522933
                65           0.99392          0.999608       0.000522386
                66           1.00061          0.999623        0.00051469
                67           1.00161          0.999652       0.000507858
                68          0.998225          0.999631       0.000500823
                69           1.00393          0.999694       0.000497433
                70           0.99835          0.999675       0.000490697
                71           1.00552          0.999757       0.000490634
                72            1.0017          0.999784       0.000484561
                73          0.996238          0.999735       0.000480352
                74          0.997726          0.999708       0.000474627
                75           1.00295          0.999751       0.000470268
                76          0.998675          0.999737       0.000464294
                77           1.00016          0.999743       0.000458296
                78          0.995808          0.999692       0.000455188
                79           1.00746          0.999791       0.000459935
                80           1.00253          0.999825       0.000455462
                81          0.991925          0.999727       0.000460162
                82           1.00689          0.999815       0.000462765
                83           0.99167          0.999717       0.000467477
                84            1.0014          0.999737       0.000462344
                85            1.0057          0.999807       0.000462202
                86           1.00394          0.999855       0.000459324
                87           0.99942           0.99985       0.000454071
                88          0.993092          0.999773       0.000455359
                89          0.995478          0.999725       0.000452793
                90          0.998373           0.99971       0.000448011
                91           1.00451          0.999763       0.000446176
                92          0.995976          0.999722        0.00044322
                93          0.993685          0.999657       0.000443182
                94           1.00561           0.99972       0.000442976
                95           1.00218          0.999746        0.00043907
                96           1.00194          0.999769       0.000435089
                97           1.00009          0.999772       0.000430616
                98           1.00221          0.999797       0.000426939
                99            1.0026          0.999825       0.000423566
               100          0.995896          0.999786       0.000421149
               101          0.996066          0.999749       0.000418586
               102          0.999074          0.999742       0.000414535
               103           1.00111          0.999756       0.000410724
               104           1.00141          0.999772       0.000407083
               105           1.00657          0.999836       0.000408318
               106            1.0102          0.999934       0.000415997
               107           1.00453          0.999977       0.000414321
               108          0.995127          0.999932       0.000412911
               109          0.999242          0.999926       0.000409172
               110          0.999114          0.999918       0.000405519
               111           0.99587          0.999882       0.000403502
               112           1.00186            0.9999       0.000400284
               113           1.00433          0.999939       0.000398659
               114          0.995808          0.999903       0.000396805
               115          0.999589            0.9999       0.000393364
               116          0.989469           0.99981       0.000400118
               117          0.991571           0.99974       0.000402847
               118          0.990493          0.999661       0.000406983
               119           1.00223          0.999683       0.000404134
               120           1.00653           0.99974       0.000404774
               121          0.999352          0.999737       0.000401442
               122           1.00477          0.999778       0.000400267
               123           1.00339          0.999807       0.000398089
               124           1.00146          0.999821       0.000395102
               125           1.00189          0.999837       0.000392287
               126          0.996053          0.999807       0.000390322
               127           1.00279          0.999831       0.000387957
               128           1.00057          0.999836       0.000384968
               129           1.00665          0.999889       0.000385594
               130           1.00162          0.999902       0.000382856
               131           1.00501          0.999941       0.000381916
               132           1.00701          0.999995       0.000382759
               133          0.993452          0.999946       0.000383029
               134           1.00185           0.99996       0.000380434
               135          0.996988          0.999938       0.000378252
               136          0.999132          0.999932       0.000375517
               137          0.995278          0.999898        0.00037431
               138           1.00115          0.999907       0.000371708
               139          0.994392          0.999868       0.000371145
               140           1.00332          0.999892       0.000369312
               141           1.00238           0.99991       0.000367113
               142           1.00026          0.999912       0.000364536
               143          0.997929          0.999898       0.000362251
               144          0.997266           0.99988       0.000360196
               145          0.997985          0.999867       0.000357949
               146          0.994296          0.999829       0.000357526
               147          0.998244          0.999818       0.000355256
               148           1.00104          0.999826       0.000352952
               149           0.99811          0.999815       0.000350771
               150          0.991911          0.999762       0.000352368
               151           1.00813          0.999818       0.000354362
               152           1.00098          0.999825       0.000352113
               153          0.995285          0.999796       0.000351059
               154          0.996942          0.999777       0.000349268
               155           1.00447          0.999807       0.000348325
               156          0.998208          0.999797       0.000346243
               157           1.00316          0.999818         0.0003447
               158          0.996036          0.999795       0.000343348
               159            1.0031          0.999815       0.000341816
               160           1.00322          0.999837       0.000340342
               161           1.00316          0.999857       0.000338855
               162          0.998356          0.999848        0.00033689
               163          0.994716          0.999816       0.000336291
               164          0.992118           0.99977       0.000337501
               165           1.00334          0.999791       0.000336148
               166          0.999965          0.999792       0.000334124
               167           1.00292          0.999811       0.000332648
               168           1.00152          0.999821       0.000330823
               169           1.01022          0.999883       0.000334543
               170          0.989604          0.999822       0.000337994
               171          0.997094          0.999806       0.000336394
               172           1.00593          0.999842       0.000336317
               173           1.00093          0.999848       0.000334432
               174           1.00565          0.999881       0.000334166
               175          0.995824          0.999858        0.00033306
               176          0.999063          0.999854       0.000331198
               177          0.994577          0.999824       0.000330666
               178          0.996909          0.999808       0.000329214
               179          0.998904          0.999803       0.000327413
               180           1.00013          0.999804       0.000325599
               181          0.998871          0.999799       0.000323841
               182           1.00906           0.99985       0.000326036
               183          0.999341          0.999847       0.000324266
               184            1.0016          0.999857       0.000322644
               185           1.00599           0.99989       0.000322598
               186          0.997919          0.999879       0.000321038
               187           1.00404          0.999902        0.00032009
               188           1.00023          0.999903       0.000318392
               189          0.997612          0.999891       0.000316938
               190          0.993836          0.999859       0.000316868
               191           1.00399          0.999881       0.000315947
               192           1.00126          0.999888       0.000314383
               193           1.00018           0.99989       0.000312758
               194           1.00458          0.999914       0.000312079
               195            1.0039          0.999934       0.000311149
               196           1.00232          0.999947         0.0003098
               197          0.999549          0.999945       0.000308234
               198           1.00595          0.999975       0.000308166
               199          0.998635          0.999968       0.000306691
               200           1.00564          0.999996       0.000306467
               201           1.00006          0.999997       0.000304943
               202           0.99531          0.999974       0.000304315
               203          0.998577          0.999967       0.000302893
               204          0.995384          0.999944        0.00030224
               205           1.00483          0.999968       0.000301704
               206          0.994855          0.999943       0.000301258
               207           1.00227          0.999954       0.000300012
               208          0.999295          0.999951       0.000298586
               209          0.996773          0.999936       0.000297545
               210           1.00602          0.999965       0.000297535
               211          0.996579          0.999949       0.000296557
               212          0.999708          0.999948        0.00029516
               213          0.999689          0.999947       0.000293777
               214          0.994131           0.99992       0.000293658
               215            1.0064           0.99995       0.000293836
               216          0.997024          0.999936       0.000292787
               217          0.998149          0.999928       0.000291554
               218          0.998205           0.99992       0.000290324
               219           1.00506          0.999943       0.000289944
               220          0.995407          0.999923       0.000289358
               221           1.00316          0.999937       0.000288419
               222          0.994252          0.999912       0.000288254
               223          0.998312          0.999905       0.000287051
               224          0.994558          0.999881        0.00028676
               225           1.00356          0.999897       0.000285953
               226          0.999973          0.999898       0.000284687
               227           1.00832          0.999935       0.000285842
               228          0.994713          0.999912       0.000285504
               229           1.00788          0.999947       0.000286368
               230           1.00524           0.99997       0.000286046
               231          0.992665          0.999938        0.00028655
               232          0.997329          0.999927       0.000285535
               233          0.999433          0.999925       0.000284318
               234           1.00293          0.999937       0.000283393
               235          0.995991          0.999921       0.000282685
               236          0.998332          0.999914       0.000281567
               237          0.998273          0.999907       0.000280464
               238           1.00126          0.999913       0.000279343
               239          0.998083          0.999905       0.000278279
               240           1.00148          0.999912       0.000277197
               241          0.992996          0.999883       0.000277528
               242           1.00093          0.999887       0.000276415
               243           1.00669          0.999915       0.000276693
               244           1.00133          0.999921        0.00027562
               245           1.00133          0.999927       0.000274555
               246           1.00101          0.999931       0.000273474
               247           1.00543          0.999953       0.000273271
               248           1.00077          0.999957       0.000272188
               249           1.00498          0.999977       0.000271843
               250           1.00532          0.999998       0.000271595
               251           1.00089                 1       0.000270536
               252           1.00726           1.00003        0.00027099
               253          0.998948           1.00003       0.000269953
               254          0.998347           1.00002       0.000268971
               255           1.00331           1.00003       0.000268225
               256           1.01135           1.00008       0.000270794
               257           1.00486            1.0001       0.000270379
               258           1.00291           1.00011       0.000269551
               259           1.00083           1.00011       0.000268525
               260          0.998561            1.0001       0.000267558
               261           1.00043            1.0001       0.000266536
               262           1.00687           1.00013       0.000266768
               263            1.0017           1.00014       0.000265821
               264          0.994759           1.00012       0.000265593
               265          0.991011           1.00008       0.000266804
               266           1.00701           1.00011       0.000267068
               267          0.986602           1.00006       0.000270815
               268          0.999774           1.00006       0.000269807
               269           1.00504           1.00007       0.000269439
               270           1.00127           1.00008       0.000268477
               271           0.99716           1.00007       0.000267702
               272          0.998569           1.00006       0.000266775
               273          0.995998           1.00005       0.000266213
               274           1.00556           1.00007       0.000266001
               275           1.00526           1.00009       0.000265702
               276           1.00586           1.00011       0.000265561
               277          0.997596            1.0001       0.000264757
               278          0.999489            1.0001       0.000263813
               279           1.00124            1.0001         0.0002629
               280          0.996286           1.00009       0.000262314
               281          0.998198           1.00008       0.000261466
               282          0.999385           1.00008       0.000260551
               283           1.00396           1.00009       0.000259991
               284            1.0008           1.00009       0.000259088
               285          0.993906           1.00007       0.000259087
               286          0.998023           1.00006        0.00025828
               287          0.999991           1.00006        0.00025738
               288           1.00373           1.00008         0.0002568
               289          0.999182           1.00007       0.000255931
               290            1.0003           1.00008       0.000255049
               291           1.00165           1.00008        0.00025423
               292          0.995118           1.00006       0.000253927
               293           1.00008           1.00006        0.00025306
               294           1.00707           1.00009       0.000253318
               295           1.00591           1.00011       0.000253228
               296           1.00061           1.00011       0.000252378
               297           1.00037           1.00011        0.00025153
               298           1.00117           1.00011       0.000250711
               299           1.00105           1.00012       0.000249892
               300           1.00046           1.00012       0.000249062
               301            1.0001           1.00012       0.000248234
               302          0.997764           1.00011       0.000247534
               303           1.00543           1.00013       0.000247339
               304          0.993935           1.00011       0.000247363
               305          0.994857           1.00009        0.00024715
               306          0.994538           1.00007       0.000247008
               307           1.00547           1.00009       0.000246829
               308           1.00537           1.00011       0.000246621
               309          0.999516            1.0001       0.000245831
               310           0.99947            1.0001       0.000245046
               311          0.996828           1.00009       0.000244484
               312          0.999591           1.00009       0.000243706
               313           1.00694           1.00011       0.000243907
               314           1.00511           1.00013       0.000243649
               315          0.992692            1.0001       0.000244016
               316           1.00894           1.00013       0.000244841
               317          0.997937           1.00013       0.000244167
               318           1.00088           1.00013        0.00024341
               319          0.993809           1.00011       0.000243452
               320          0.993191           1.00009       0.000243649
               321           1.00497            1.0001       0.000243365
               322            1.0019           1.00011       0.000242673
               323           1.00154           1.00011       0.000241963
               324          0.995851            1.0001       0.000241573
               325          0.989517           1.00007       0.000243014
               326           0.99361           1.00005       0.000243074
               327          0.998574           1.00004       0.000242372
               328           1.00313           1.00005       0.000241816
               329          0.997013           1.00004       0.000241257
               330           1.00173           1.00005       0.000240581
               331          0.997243           1.00004       0.000240003
               332           0.99813           1.00003       0.000239349
               333           1.00028           1.00003       0.000238631
               334           1.00563           1.00005       0.000238504
               335          0.997843           1.00004       0.000237883
               336          0.998683           1.00004        0.00023721
               337           1.00332           1.00005       0.000236705
               338           1.00169           1.00005       0.000236054
               339           1.01031           1.00008       0.000237289
               340           1.00746           1.00011        0.00023758
               341           1.00593           1.00012       0.000237497
               342          0.996031           1.00011       0.000237103
               343          0.998536           1.00011       0.000236457
               344           1.00394           1.00012       0.000236031
               345            1.0019           1.00012       0.000235404
               346           1.00132           1.00013       0.000234749
               347          0.995214           1.00011       0.000234499
               348           1.00157           1.00012       0.000233862
               349          0.997672           1.00011       0.000233297
               350          0.999323           1.00011       0.000232641
               351           1.00114           1.00011       0.000231997
               352          0.992598           1.00009       0.000232317
               353           1.00124           1.00009       0.000231682
               354           1.00119            1.0001       0.000231048
               355           1.00166            1.0001       0.000230439
               356           1.00379           1.00011       0.000230025
               357          0.997294            1.0001       0.000229515
               358           1.00351           1.00011       0.000229071
               359          0.999503           1.00011       0.000228439
               360          0.995372            1.0001       0.000228184
               361          0.988831           1.00007       0.000229675
               362          0.997463           1.00006       0.000229154
               363           1.00161           1.00006       0.000228562
               364           1.00762           1.00008       0.000228875
               365           0.99404           1.00007       0.000228846
               366           1.00135           1.00007       0.000228247
               367          0.999783           1.00007       0.000227627
               368          0.995662           1.00006       0.000227323
               369          0.998095           1.00005       0.000226769
               370          0.999106           1.00005       0.000226171
               371           1.00418           1.00006       0.000225835
               372           0.99726           1.00005       0.000225353
               373          0.999391           1.00005       0.000224756
               374          0.999141           1.00005       0.000224168
               375           1.00035           1.00005       0.000223572
               376           1.00362           1.00006       0.000223179
               377           1.00505           1.00007       0.000222979
               378            1.0034           1.00008       0.000222562
               379           1.01353           1.00012       0.000224787
               380           1.00283           1.00012       0.000224309
               381           1.00415           1.00013       0.000223969
               382          0.998804           1.00013        0.00022341
               383          0.992887           1.00011       0.000223626
               384          0.999615           1.00011       0.000223047
               385          0.997912           1.00011       0.000222541
               386          0.996385            1.0001       0.000222173
               387           1.00057            1.0001       0.000221602
               388           1.00477           1.00011       0.000221359
               389          0.995571            1.0001       0.000221097
               390           1.00417           1.00011       0.000220777
               391            1.0072           1.00013       0.000220956
               392          0.999269           1.00012       0.000220403
               393          0.997436           1.00012       0.000219949
               394          0.995861           1.00011       0.000219655
               395           1.00338           1.00011       0.000219255
               396          0.991985           1.00009        0.00021966
               397          0.999538           1.00009       0.000219112
               398          0.993803           1.00008        0.00021913
               399           1.00244           1.00008       0.000218661
               400           1.00405           1.00009       0.000218339
               401          0.996416           1.00008       0.000217987
               402          0.997852           1.00008       0.000217515
               403            1.0042           1.00009       0.000217216
               404           1.00279           1.00009       0.000216781
               405            0.9934           1.00008       0.000216876
               406          0.995476           1.00007       0.000216637
               407          0.999262           1.00006       0.000216114
               408          0.995521           1.00005       0.000215871
               409           1.00333           1.00006       0.000215492
               410          0.995131           1.00005       0.000215302
               411           1.00321           1.00006       0.000214915
               412          0.998541           1.00005       0.000214425
               413          0.994029           1.00004       0.000214401
               414           1.00679           1.00006       0.000214503
               415           1.00189           1.00006       0.000214032
               416           1.00626           1.00007       0.000214035
               417          0.997109           1.00007        0.00021364
               418          0.998624           1.00006       0.000213157
               419          0.999382           1.00006       0.000212654
               420           1.00496           1.00007       0.000212467
               421            0.9993           1.00007       0.000211971
               422          0.989739           1.00005       0.000212878
               423          0.997236           1.00004       0.000212478
               424          0.999806           1.00004       0.000211978
               425          0.992151           1.00002        0.00021229
               426            1.0026           1.00003       0.000211878
               427          0.997034           1.00002       0.000211498
               428          0.999157           1.00002       0.000211014
               429           1.00776           1.00004       0.000211293
               430           1.00568           1.00005       0.000211208
               431          0.999319           1.00005       0.000210725
               432          0.998394           1.00004       0.000210272
               433          0.995484           1.00003        0.00021005
               434           1.00406           1.00004       0.000209771
               435          0.996531           1.00004       0.000209444
               436           1.00593           1.00005         0.0002094
               437          0.996786           1.00004       0.000209053
               438            0.9988           1.00004       0.000208595
               439           1.00284           1.00004       0.000208218
               440          0.999614           1.00004       0.000207747
               441          0.993437           1.00003       0.000207815
               442          0.993908           1.00001       0.000207806
               443          0.996034           1.00001       0.000207531
               444           1.00102           1.00001       0.000207076
               445          0.992145          0.999991       0.000207363
               446           1.00066          0.999992       0.000206904
               447          0.999306          0.999991       0.000206447
               448           1.00339          0.999998       0.000206125
               449            1.0002          0.999999       0.000205667
               450          0.997202          0.999992       0.000205303
               451            1.0046                 1       0.000205102
               452          0.995039          0.999992       0.000204942
               453           1.00124          0.999994       0.000204508
               454          0.999831          0.999994       0.000204058
               455           1.00548           1.00001       0.000203965
               456          0.995119          0.999995       0.000203799
               457            1.0019                 1       0.000203396
               458          0.995214          0.999989        0.00020322
               459           1.00162          0.999993       0.000202808
               460           1.00083          0.999994       0.000202376
               461           1.00337                 1       0.000202069
               462           1.00361           1.00001       0.000201782
               463          0.997621                 1       0.000201412
               464            1.0057           1.00002       0.000201352
               465           1.00248           1.00002       0.000200989
               466          0.998355           1.00002       0.000200589
               467           1.00209           1.00002       0.000200209
               468           1.00004           1.00002       0.000199781
               469           1.00621           1.00004        0.00019979
               470          0.997821           1.00003        0.00019942
               471          0.998087           1.00003        0.00019904
               472          0.999455           1.00003       0.000198622
               473          0.998026           1.00002       0.000198247
               474          0.993774           1.00001       0.000198266
               475          0.995776                 1       0.000198049
               476          0.995369           0.99999       0.000197872
               477           1.00109          0.999992        0.00019747
               478           1.00175          0.999996       0.000197091
               479          0.999274          0.999994       0.000196685
               480           1.00063          0.999996        0.00019628
               481          0.999477          0.999995       0.000195875
               482           1.00087          0.999997       0.000195477
               483          0.997557          0.999991       0.000195138
               484          0.992784          0.999977       0.000195302
               485            1.0041          0.999985       0.000195084
               486           1.00269          0.999991       0.000194762
               487          0.997498          0.999986        0.00019443
               488           1.00572          0.999997       0.000194386
               489          0.995505          0.999988       0.000194206
               490           1.00916           1.00001        0.00019471
               491           1.00478           1.00002       0.000194556
               492          0.996249           1.00001       0.000194311
               493           1.00641           1.00002       0.000194351
               494           1.00361           1.00003       0.000194093
               495           1.00089           1.00003       0.000193708
               496          0.997378           1.00003       0.000193392
               497           1.00094           1.00003       0.000193011
               498           1.00383           1.00003       0.000192775
               499           0.99716           1.00003       0.000192475
               500          0.999006           1.00003         0.0001921
               501          0.989053           1.00001       0.000192962
               502           1.00351           1.00001       0.000192704
               503           1.00684           1.00003       0.000192798
               504          0.999199           1.00002       0.000192422
               505           1.00252           1.00003       0.000192104
               506           1.01175           1.00005       0.000193116
               507          0.998875           1.00005       0.000192749
               508          0.999637           1.00005       0.000192371
               509          0.998727           1.00005       0.000192011
               510           1.00093           1.00005       0.000191642
               511            1.0006           1.00005        0.00019127
               512          0.999258           1.00005       0.000190903
               513          0.997297           1.00004       0.000190606
               514          0.995794           1.00003       0.000190414
               515          0.999466           1.00003       0.000190048
               516          0.996152           1.00003       0.000189828
               517           1.00252           1.00003       0.000189522
               518          0.998179           1.00003        0.00018919
               519          0.997695           1.00002       0.000188879
               520           1.00636           1.00003       0.000188908
               521          0.998858           1.00003       0.000188559
               522          0.997354           1.00003       0.000188268
               523            1.0005           1.00003        0.00018791
               524           1.00641           1.00004       0.000187946
               525           0.99548           1.00003       0.000187789
               526          0.994592           1.00002       0.000187716
               527           1.00647           1.00003       0.000187759
               528            1.0017           1.00004       0.000187429
               529           1.00154           1.00004       0.000187097
               530           1.00492           1.00005        0.00018697
               531           1.00079           1.00005       0.000186623
               532          0.996829           1.00004       0.000186371
               533          0.995237           1.00003       0.000186239
               534           1.00041           1.00004       0.000185892
               535           0.99836           1.00003       0.000185571
               536          0.995222           1.00002       0.000185441
               537          0.993946           1.00001       0.000185441
               538           1.00659           1.00002       0.000185499
               539          0.992547           1.00001       0.000185673
               540           1.00368           1.00002       0.000185453
               541           0.99069                 1        0.00018591
               542          0.993909          0.999989       0.000185907
               543           1.00369          0.999996       0.000185689
               544           1.00288                 1       0.000185424
               545          0.999178                 1        0.00018509
               546            1.0038           1.00001       0.000184882
               547            1.0054           1.00002       0.000184807
               548           1.00068           1.00002       0.000184474
               549          0.996107           1.00001       0.000184275
               550          0.993913          0.999999       0.000184273
               551          0.999421          0.999998       0.000183942
               552           1.00216                 1        0.00018365
               553          0.995033          0.999993       0.000183538
               554           1.00231          0.999997       0.000183254
               555          0.997645          0.999993       0.000182973
               556          0.997182          0.999988       0.000182714
               557           0.99658          0.999982       0.000182488
               558           1.00581          0.999992       0.000182459
               559          0.999338          0.999991       0.000182137
               560          0.999098           0.99999       0.000181818
               561          0.996962          0.999984       0.000181574
               562           0.99644          0.999978       0.000181361
               563          0.999081          0.999976       0.000181046
               564          0.996402           0.99997       0.000180836
               565          0.993433          0.999958       0.000180885
               566           1.00489          0.999967       0.000180776
               567          0.996248          0.999961       0.000180576
               568            0.9981          0.999957       0.000180288
               569           1.00587          0.999968       0.000180269
               570           1.00126           0.99997       0.000179967
               571           1.00712          0.999983       0.000180087
               572          0.993353          0.999971       0.000180145
               573          0.999038          0.999969       0.000179838
               574          0.998783          0.999967       0.000179536
               575          0.995981           0.99996       0.000179358
               576           0.99861          0.999958       0.000179062
               577           1.00087           0.99996       0.000178758
               578           1.00637          0.999971       0.000178793
               579           1.00519           0.99998       0.000178711
               580          0.997898          0.999976       0.000178439
               581           1.00212           0.99998        0.00017817
               582           1.00338          0.999986        0.00017796
               583           1.00401          0.999993       0.000177789
               584           1.00071          0.999994       0.000177488
               585           1.00303          0.999999       0.000177261
               586           1.00697           1.00001       0.000177357
               587           1.00746           1.00002       0.000177508
               588           0.99579           1.00002       0.000177352
               589          0.997738           1.00001       0.000177093
               590          0.998644           1.00001       0.000176808
               591          0.996281                 1       0.000176621
               592          0.996179          0.999997       0.000176441
               593          0.990546          0.999981       0.000176862
               594          0.997285          0.999977       0.000176622
               595           1.00035          0.999977       0.000176327
               596             1.005          0.999986       0.000176233
               597           0.99908          0.999984       0.000175944
               598           1.00339           0.99999       0.000175742
               599          0.992837          0.999978       0.000175854
               600          0.996502          0.999972       0.000175656
               601          0.997648          0.999968       0.000175406
               602          0.992816          0.999957       0.000175517
               603           1.00272          0.999961       0.000175285
               604          0.995352          0.999954       0.000175161
               605          0.993973          0.999944        0.00017515
               606          0.995456          0.999936       0.000175018
               607           1.00567          0.999946       0.000174984
               608           0.99852          0.999943       0.000174712
               609           1.00724          0.999955       0.000174836
               610           1.00476          0.999963       0.000174727
               611           1.00319          0.999969        0.00017452
               612           1.00119          0.999971       0.000174247
               613           1.00028          0.999971       0.000173963
               614           1.00168          0.999974       0.000173702
               615          0.989422          0.999957       0.000174265
               616          0.999075          0.999955       0.000173988
               617          0.997977          0.999952       0.000173736
               618            1.0031          0.999957       0.000173529
               619            1.0006          0.999958       0.000173252
               620           1.00114           0.99996       0.000172983
               621           1.00214          0.999964        0.00017274
               622           1.00008          0.999964       0.000172463
               623          0.999693          0.999963       0.000172186
               624           1.00299          0.999968       0.000171979
               625          0.999351          0.999967       0.000171706
               626           1.00428          0.999974        0.00017157
               627          0.991696          0.999961       0.000171804
               628           1.01158          0.999979       0.000172523
               629           1.00541          0.999988       0.000172465
               630          0.996289          0.999982       0.000172291
               631          0.999491          0.999981        0.00017202
               632           1.00008          0.999982       0.000171748
               633          0.994263          0.999972       0.000171714
               634           1.00138          0.999975       0.000171457
               635          0.999028          0.999973       0.000171194
               636          0.998588          0.999971       0.000170938
               637          0.998691          0.999969       0.000170682
               638          0.999983          0.999969       0.000170414
               639           1.00225          0.999973       0.000170185
               640          0.996892          0.999968       0.000169987
               641           1.00167           0.99997       0.000169743
               642          0.999465           0.99997        0.00016948
               643           1.00218          0.999973       0.000169251
               644          0.998251           0.99997        0.00016901
               645           1.00181          0.999973       0.000168772
               646           0.99585          0.999967       0.000168631
               647           1.00416          0.999973       0.000168495
               648           1.00454           0.99998       0.000168382
               649          0.997343          0.999976       0.000168172
               650          0.997731          0.999973       0.000167949
               651           1.00592          0.999982       0.000167939
               652           0.99129          0.999969        0.00016821
               653           1.00388          0.999975       0.000168059
               654           1.00169          0.999977       0.000167822
               655          0.992107          0.999965       0.000167996
               656            1.0016          0.999968       0.000167758
               657           1.00529          0.999976       0.000167698
               658           1.00836          0.999989       0.000167926
               659           1.00139          0.999991       0.000167685
               660           1.00052          0.999992       0.000167433
               661           1.00358          0.999997       0.000167268
               662          0.991217          0.999984        0.00016754
               663            1.0044           0.99999        0.00016742
               664          0.997436          0.999987       0.000167212
               665          0.997518          0.999983       0.000167002
               666          0.994016          0.999974       0.000166991
               667           1.00254          0.999978       0.000166785
               668           1.00498          0.999985       0.000166704
               669          0.998275          0.999983       0.000166474
               670          0.996525          0.999978       0.000166306
               671          0.997177          0.999973        0.00016611
               672           1.00229          0.999977       0.000165899
               673           1.00025          0.999977       0.000165653
               674           1.00479          0.999984       0.000165561
               675          0.997051           0.99998       0.000165372
               676           1.00127          0.999982       0.000165139
               677          0.999418          0.999981       0.000164897
               678           1.00573           0.99999       0.000164872
               679           1.00677                 1       0.000164931
               680           1.00626           1.00001       0.000164945
               681           1.00145           1.00001       0.000164717
               682           1.00115           1.00001       0.000164484
               683           1.00023           1.00001       0.000164243
               684           1.00066           1.00001       0.000164006
               685           0.99953           1.00001       0.000163768
               686          0.999074           1.00001       0.000163535
               687          0.999473           1.00001       0.000163299
               688           1.00368           1.00002       0.000163149
               689           1.00178           1.00002       0.000162932
               690           1.00533           1.00003       0.000162878
               691          0.997745           1.00002       0.000162675
               692           1.00159           1.00003       0.000162456
               693          0.998388           1.00002       0.000162239
               694           1.00121           1.00002       0.000162014
               695          0.998319           1.00002       0.000161799
               696           1.00342           1.00003        0.00016164
               697           1.00174           1.00003       0.000161427
               698           1.00383           1.00004       0.000161288
               699           1.00134           1.00004       0.000161068
               700          0.992433           1.00003       0.000161204
               701           0.99821           1.00002       0.000160995
               702           1.00353           1.00003       0.000160843
               703          0.997751           1.00003       0.000160646
               704           0.99483           1.00002       0.000160588
               705           1.01228           1.00004       0.000161299
               706          0.995225           1.00003       0.000161215
               707          0.991202           1.00002       0.000161469
               708           1.00194           1.00002       0.000161264
               709           1.00484           1.00003        0.00016118
               710           1.00262           1.00003       0.000160995
               711           1.00214           1.00003       0.000160796
               712           1.00571           1.00004       0.000160767
               713             1.006           1.00005       0.000160759
               714            1.0052           1.00006       0.000160696
               715          0.998787           1.00005       0.000160481
               716           1.00183           1.00006       0.000160276
               717          0.997368           1.00005       0.000160096
               718          0.998712           1.00005       0.000159884
               719           1.00354           1.00006       0.000159735
               720            1.0018           1.00006       0.000159532
               721           1.00464           1.00006       0.000159437
               722          0.999419           1.00006       0.000159218
               723           1.00107           1.00006       0.000159004
               724          0.995253           1.00006       0.000158923
               725          0.999355           1.00006       0.000158707
               726           1.00738           1.00007       0.000158809
               727           1.00369           1.00007       0.000158669
               728          0.999194           1.00007       0.000158456
               729          0.990507           1.00006        0.00015878
               730            1.0002           1.00006       0.000158563
               731          0.993847           1.00005       0.000158574
               732          0.993076           1.00004       0.000158643
               733          0.995694           1.00003       0.000158537
               734          0.991937           1.00002       0.000158705
               735           1.00113           1.00002       0.000158496
               736          0.996441           1.00002       0.000158355
               737          0.993732           1.00001        0.00015837
               738          0.998072           1.00001       0.000158177
               739           1.00306           1.00001       0.000158017
               740           1.00104           1.00001        0.00015781
               741          0.996889           1.00001       0.000157653
               742           1.00224           1.00001       0.000157469
               743           1.00181           1.00002       0.000157276
               744           1.00267           1.00002       0.000157105
               745           1.00858           1.00003       0.000157314
               746          0.999228           1.00003       0.000157107
               747           1.00277           1.00003       0.000156939
               748          0.992537           1.00002       0.000157049
               749           1.00374           1.00003       0.000156918
               750           1.00102           1.00003       0.000156714
               751          0.993228           1.00002       0.000156767
               752          0.996378           1.00002       0.000156633
               753          0.998878           1.00001       0.000156432
               754            1.0001           1.00001       0.000156225
               755           1.00041           1.00001       0.000156019
               756           1.00675           1.00002       0.000156067
               757           1.00417           1.00003       0.000155957
               758          0.995242           1.00002       0.000155879
               759           1.00051           1.00002       0.000155675
               760           0.99987           1.00002        0.00015547
               761          0.995778           1.00002       0.000155366
               762           1.00562           1.00002       0.000155336
               763          0.992182           1.00001       0.000155472
               764           1.00202           1.00002       0.000155291
               765          0.996458           1.00001       0.000155157
               766          0.995901           1.00001       0.000155048
               767           1.00045           1.00001       0.000154847
               768            1.0008           1.00001       0.000154648
               769          0.998978           1.00001       0.000154453
               770           1.00425           1.00001       0.000154351
               771          0.995608           1.00001       0.000154256
               772           1.00195           1.00001       0.000154077
               773           1.00537           1.00002       0.000154033
               774           1.00006           1.00002       0.000153834
               775          0.998042           1.00001       0.000153657
               776          0.999522           1.00001        0.00015346
               777          0.993761           1.00001       0.000153474
               778          0.991998          0.999995       0.000153621
               779          0.997928          0.999993       0.000153447
               780          0.993831          0.999985       0.000153453
               781          0.994833          0.999978       0.000153399
               782           1.00162           0.99998       0.000153217
               783           0.99762          0.999977       0.000153051
               784          0.997836          0.999974        0.00015288
               785          0.996865          0.999971       0.000152737
               786           1.00715           0.99998       0.000152815
               787          0.993372          0.999971       0.000152852
               788           1.00918          0.999983       0.000153104
               789           1.00384          0.999988       0.000152988
               790           1.00462          0.999994       0.000152907
               791           1.00168          0.999996       0.000152728
               792          0.997019          0.999992       0.000152582
               793           1.00506          0.999998       0.000152523
               794          0.997387          0.999995       0.000152366
               795          0.996472          0.999991       0.000152239
               796          0.999956          0.999991       0.000152048
               797           1.00004          0.999991       0.000151857
               798          0.997544          0.999988       0.000151697
               799           1.00658          0.999996       0.000151732
               800           1.00166          0.999998       0.000151557
               801           1.01008           1.00001        0.00015189
               802          0.998516           1.00001       0.000151712
               803          0.998152           1.00001        0.00015154
               804          0.998971           1.00001       0.000151357
               805          0.997259                 1       0.000151208
               806           1.01491           1.00002       0.000152147
               807          0.993114           1.00001       0.000152199
               808          0.996772           1.00001       0.000152064
               809           1.00147           1.00001       0.000151886
               810           0.99518                 1       0.000151816
               811           1.00713           1.00001       0.000151883
               812          0.993445                 1       0.000151911
               813          0.999522                 1       0.000151725
               814          0.994023          0.999996       0.000151716
               815          0.999915          0.999996        0.00015153
               816          0.998523          0.999994       0.000151355
               817           1.00274          0.999998       0.000151207
               818           0.99816          0.999996       0.000151039
               819          0.998291          0.999993       0.000150869
               820             0.995          0.999987       0.000150808
               821          0.998777          0.999986       0.000150632
               822          0.996336          0.999981       0.000150514
               823           0.99777          0.999979       0.000150355
               824           1.00047          0.999979       0.000150174
               825           1.00133          0.999981           0.00015
               826           1.00506          0.999987       0.000149945
               827          0.997196          0.999984       0.000149802
               828           1.00953          0.999995       0.000150064
               829          0.994607          0.999989       0.000150023
               830          0.999188          0.999988       0.000149846
               831           0.99954          0.999987       0.000149666
               832           1.00364          0.999992       0.000149551
               833          0.997492          0.999989       0.000149401
               834           1.00046          0.999989       0.000149223
               835          0.999592          0.999989       0.000149045
               836           1.00542          0.999995       0.000149008
               837           1.00152          0.999997       0.000148841
               838          0.997838          0.999994       0.000148686
               839           0.99864          0.999993       0.000148518
               840           1.00624                 1       0.000148527
               841          0.999724                 1       0.000148351
               842          0.996749          0.999996       0.000148225
               843           1.00646                 1       0.000148247
               844           1.00126           1.00001       0.000148079
               845           1.00693           1.00001        0.00014813
               846           1.00567           1.00002       0.000148106
               847            1.0025           1.00002        0.00014796
               848           1.00873           1.00003       0.000148142
               849           0.99558           1.00003        0.00014806
               850          0.997401           1.00003       0.000147918
               851           0.99457           1.00002       0.000147883
               852           1.00162           1.00002       0.000147722
               853           1.00174           1.00002       0.000147562
               854           1.00619           1.00003       0.000147566
               855          0.997824           1.00003       0.000147416
               856           1.00291           1.00003       0.000147282
               857           1.00244           1.00003       0.000147137
               858          0.999061           1.00003        0.00014697
               859           1.00523           1.00004       0.000146923
               860           1.00453           1.00004       0.000146845
               861           1.00225           1.00005       0.000146697
               862          0.993315           1.00004       0.000146735
               863           1.00387           1.00004       0.000146632
               864          0.989544           1.00003       0.000146965
               865          0.995251           1.00002       0.000146899
               866          0.998322           1.00002       0.000146742
               867          0.996955           1.00002       0.000146615
               868          0.998442           1.00002       0.000146458
               869           1.00728           1.00003       0.000146528
               870           1.00393           1.00003       0.000146428
               871          0.996781           1.00003       0.000146307
               872            1.0054           1.00003       0.000146269
               873          0.999254           1.00003       0.000146104
               874           1.00431           1.00004       0.000146019
               875          0.999961           1.00004       0.000145852
               876          0.998293           1.00003         0.0001457
               877           1.00139           1.00004       0.000145542
               878          0.998133           1.00003       0.000145392
               879           1.01168           1.00005       0.000145829
               880          0.999509           1.00005       0.000145664
               881          0.997612           1.00004       0.000145525
               882           1.00359           1.00005       0.000145415
               883          0.992708           1.00004       0.000145488
               884          0.998335           1.00004       0.000145336
               885          0.998713           1.00004        0.00014518
               886          0.995674           1.00003       0.000145099
               887          0.995418           1.00003       0.000145029
               888          0.996417           1.00002       0.000144923
               889          0.994572           1.00002       0.000144889
               890           1.00091           1.00002        0.00014473
               891           0.99767           1.00001       0.000144591
               892          0.999663           1.00001        0.00014443
               893           1.00115           1.00002       0.000144274
               894            1.0067           1.00002       0.000144306
               895          0.996578           1.00002       0.000144196
               896          0.999311           1.00002       0.000144037
               897          0.996129           1.00001       0.000143942
               898          0.995252           1.00001       0.000143879
               899           1.00249           1.00001       0.000143746
               900          0.996449           1.00001       0.000143641
               901          0.994964                 1        0.00014359
               902          0.997542          0.999999       0.000143457
               903          0.998512          0.999997       0.000143307
               904          0.997839          0.999995       0.000143169
               905           1.00539                 1       0.000143135
               906           1.00011                 1       0.000142977
               907            0.9951          0.999996       0.000142921
               908            1.0085                 1       0.000143071
               909          0.999685                 1       0.000142914
               910          0.998561                 1       0.000142765
               911           1.00095                 1       0.000142612
               912          0.999433                 1       0.000142457
               913          0.997452                 1       0.000142329
               914           0.99544          0.999996        0.00014226
               915           1.00279          0.999999       0.000142138
               916           1.00605           1.00001       0.000142136
               917          0.999715           1.00001       0.000141982
               918           1.00291           1.00001       0.000141862
               919           1.00043           1.00001       0.000141709
               920           1.00421           1.00001       0.000141628
               921          0.995349           1.00001       0.000141565
               922          0.996477                 1       0.000141463
               923           1.00238           1.00001       0.000141333
               924           1.00014           1.00001        0.00014118
               925          0.999787           1.00001       0.000141028
               926           1.00051           1.00001       0.000140877
               927           0.99698                 1       0.000140763
               928           1.00557           1.00001       0.000140739
               929            1.0006           1.00001       0.000140588
               930          0.995243           1.00001       0.000140531
               931          0.994012          0.999999       0.000140527
               932           1.00068                 1       0.000140378
               933           1.00238                 1       0.000140251
               934           0.99063          0.999992       0.000140459
               935          0.999635          0.999992        0.00014031
               936          0.999683          0.999992        0.00014016
               937          0.997055          0.999989       0.000140046
               938          0.995453          0.999984        0.00013998
               939           1.00214          0.999986       0.000139849
               940           1.00563          0.999992        0.00013983
               941            1.0008          0.999993       0.000139684
               942          0.998529          0.999991       0.000139544
               943          0.993229          0.999984        0.00013958
               944           1.00069          0.999985       0.000139434
               945           1.00239          0.999987        0.00013931
               946           1.00207           0.99999        0.00013918
               947          0.995146          0.999985       0.000139127
               948          0.995647           0.99998       0.000139056
               949           1.00361          0.999984       0.000138962
               950          0.997021          0.999981        0.00013885
               951           1.00201          0.999983       0.000138721
               952          0.988154           0.99997       0.000139131
               953           1.00063          0.999971       0.000138986
               954           1.00382          0.999975       0.000138899
               955          0.994397          0.999969       0.000138877
               956          0.999318          0.999969       0.000138733
               957          0.998827          0.999967       0.000138593
               958          0.994057          0.999961       0.000138586
               959          0.999152           0.99996       0.000138444
               960           1.00323          0.999964       0.000138341
               961           1.00523          0.999969       0.000138306
               962          0.998402          0.999968       0.000138172
               963           1.00604          0.999974       0.000138172
               964           1.00503          0.999979       0.000138128
               965          0.998293          0.999977       0.000137996
               966           1.00403          0.999982       0.000137917
               967          0.999276          0.999981       0.000137776
               968           1.00261          0.999984       0.000137661
               969           1.00282          0.999987        0.00013755
               970          0.996314          0.999983        0.00013746
               971          0.994598          0.999977        0.00013743
               972          0.998243          0.999975       0.000137301
               973           1.00311          0.999979       0.000137197
               974          0.994646          0.999973       0.000137166
               975          0.998961          0.999972       0.000137029
               976          0.997147          0.999969       0.000136919
               977           1.00177          0.999971       0.000136791
               978          0.996479          0.999968       0.000136698
               979           1.00087          0.999968       0.000136562
               980           1.00448          0.999973         0.0001365
               981          0.997975          0.999971       0.000136376
               982          0.994854          0.999966       0.000136337
               983          0.998946          0.999965       0.000136202
               984          0.999438          0.999964       0.000136064
               985          0.999688          0.999964       0.000135927
               986          0.996269           0.99996        0.00013584
               987          0.993458          0.999954       0.000135862
               988          0.998061          0.999952       0.000135738
               989          0.995835          0.999948       0.000135665
               990          0.999148          0.999947        0.00013553
               991           1.00015          0.999947       0.000135394
               992            0.9987          0.999946       0.000135263
               993          0.997056          0.999943       0.000135158
               994          0.997268           0.99994       0.000135049
               995           1.00217          0.999942       0.000134932
               996          0.996396          0.999939       0.000134843
               997           1.00153           0.99994       0.000134717
               998           1.00285          0.999943       0.000134614
               999          0.994264          0.999938       0.000134599
              1000          0.994538          0.999932       0.000134573
